  0.0000    1    6.000   1.0000            HW
  6.0000    3    6.000   1.0000             N
 12.0000    0    2.400   1.0000          NULL 
 14.4000    3    6.000   1.0000             N
 20.4000    3    6.000   1.0000             N
 26.4000    0    1.200   1.0000          NULL 
 27.6000    4    6.000   1.0000            HL
 33.6000    0    2.400   1.0000          NULL 
 36.0000    5    6.000   1.0000            LL
 42.0000    0    2.400   1.0000          NULL 
 44.4000    2    6.000   1.0000            LW
 50.4000    0    1.200   1.0000          NULL 
 51.6000    2    6.000   1.0000            LW
 57.6000    0    2.400   1.0000          NULL 
 60.0000    5    6.000   1.0000            LL
 66.0000    1    6.000   1.0000            HW
 72.0000    4    6.000   1.0000            HL
 78.0000    1    6.000   1.0000            HW
 84.0000    0    8.400   1.0000          NULL 
 92.4000    5    6.000   1.0000            LL
 98.4000    0    3.600   1.0000          NULL 
102.0000    2    6.000   1.0000            LW
108.0000    4    6.000   1.0000            HL
114.0000    5    6.000   1.0000            LL
120.0000    0    4.800   1.0000          NULL 
124.8000    3    6.000   1.0000             N
130.8000    4    6.000   1.0000            HL
136.8000    0    2.400   1.0000          NULL 
139.2000    1    6.000   1.0000            HW
145.2000    1    6.000   1.0000            HW
151.2000    0    1.200   1.0000          NULL 
152.3999    4    6.000   1.0000            HL
158.3999    0    2.400   1.0000          NULL 
160.7999    2    6.000   1.0000            LW
166.7999    0    8.400   1.0000          NULL 
175.1999    2    6.000   1.0000            LW
181.1999    1    6.000   1.0000            HW
187.1999    0    1.200   1.0000          NULL 
188.3999    3    6.000   1.0000             N
194.3999    1    6.000   1.0000            HW
200.3999    5    6.000   1.0000            LL
206.3999    0   16.800   1.0000          NULL 
223.1999    3    6.000   1.0000             N
229.1999    0   10.800   1.0000          NULL 
239.9998    3    6.000   1.0000             N
245.9998    0    8.400   1.0000          NULL 
254.3998    4    6.000   1.0000            HL
260.3998    0    4.800   1.0000          NULL 
265.1999    1    6.000   1.0000            HW
271.1999    0    3.600   1.0000          NULL 
274.7999    4    6.000   1.0000            HL
280.7999    4    6.000   1.0000            HL
286.7999    0    4.800   1.0000          NULL 
291.6000    2    6.000   1.0000            LW
297.6000    0    2.400   1.0000          NULL 
300.0000    4    6.000   1.0000            HL
306.0000    0    8.400   1.0000          NULL 
314.4001    3    6.000   1.0000             N
320.4001    0    2.400   1.0000          NULL 
322.8001    5    6.000   1.0000            LL
328.8001    2    6.000   1.0000            LW
334.8001    0    1.200   1.0000          NULL 
336.0001    3    6.000   1.0000             N
342.0001    0   10.800   1.0000          NULL 
352.8002    5    6.000   1.0000            LL
358.8002    0    7.200   1.0000          NULL 
366.0003    2    6.000   1.0000            LW
372.0003    0    4.800   1.0000          NULL 
376.8004    5    6.000   1.0000            LL
382.8004    0    1.200   1.0000          NULL 
384.0004    4    6.000   1.0000            HL
390.0004    0    1.200   1.0000          NULL 
391.2004    2    6.000   1.0000            LW
397.2004    0    1.200   1.0000          NULL 
398.4004    3    6.000   1.0000             N
404.4004    0    1.200   1.0000          NULL 
405.6004    1    6.000   1.0000            HW
411.6004    0    3.600   1.0000          NULL 
415.2004    2    6.000   1.0000            LW
421.2004    0    1.200   1.0000          NULL 
422.4005    5    6.000   1.0000            LL
428.4005    0    1.200   1.0000          NULL 
429.6005    5    6.000   1.0000            LL
435.6005    0    7.200   1.0000          NULL 
442.8005    1    6.000   1.0000            HW
448.8005    0    1.199   1.0000          NULL 
