  0.0000    4    6.000   1.0000            HL
  6.0000    3    6.000   1.0000             N
 12.0000    0   16.800   1.0000          NULL 
 28.8000    2    6.000   1.0000            LW
 34.8000    5    6.000   1.0000            LL
 40.8000    0    4.800   1.0000          NULL 
 45.6000    1    6.000   1.0000            HW
 51.6000    0    1.200   1.0000          NULL 
 52.8000    2    6.000   1.0000            LW
 58.8000    0    3.600   1.0000          NULL 
 62.4000    5    6.000   1.0000            LL
 68.4000    5    6.000   1.0000            LL
 74.4000    0    8.400   1.0000          NULL 
 82.8000    4    6.000   1.0000            HL
 88.8000    0    4.800   1.0000          NULL 
 93.6000    2    6.000   1.0000            LW
 99.6000    4    6.000   1.0000            HL
105.6000    3    6.000   1.0000             N
111.6000    0    4.800   1.0000          NULL 
116.4000    2    6.000   1.0000            LW
122.4000    0    2.400   1.0000          NULL 
124.8000    1    6.000   1.0000            HW
130.8000    2    6.000   1.0000            LW
136.8000    3    6.000   1.0000             N
142.8000    5    6.000   1.0000            LL
148.8000    0    1.200   1.0000          NULL 
150.0000    2    6.000   1.0000            LW
156.0000    0    4.800   1.0000          NULL 
160.7999    4    6.000   1.0000            HL
166.7999    0    6.000   1.0000          NULL 
172.7999    1    6.000   1.0000            HW
178.7999    1    6.000   1.0000            HW
184.7999    0    2.400   1.0000          NULL 
187.1999    2    6.000   1.0000            LW
193.1999    4    6.000   1.0000            HL
199.1999    0    1.200   1.0000          NULL 
200.3999    3    6.000   1.0000             N
206.3999    0    1.200   1.0000          NULL 
207.5999    5    6.000   1.0000            LL
213.5999    3    6.000   1.0000             N
219.5999    0    8.400   1.0000          NULL 
227.9999    1    6.000   1.0000            HW
233.9999    0    1.200   1.0000          NULL 
235.1999    4    6.000   1.0000            HL
241.1999    0    4.800   1.0000          NULL 
245.9999    3    6.000   1.0000             N
251.9999    1    6.000   1.0000            HW
257.9999    0    4.800   1.0000          NULL 
262.7999    2    6.000   1.0000            LW
268.7999    0    6.000   1.0000          NULL 
274.8000    4    6.000   1.0000            HL
280.8000    0    6.000   1.0000          NULL 
286.8000    4    6.000   1.0000            HL
292.8000    0    2.400   1.0000          NULL 
295.2001    5    6.000   1.0000            LL
301.2001    0    6.000   1.0000          NULL 
307.2001    1    6.000   1.0000            HW
313.2001    3    6.000   1.0000             N
319.2001    0    1.200   1.0000          NULL 
320.4001    5    6.000   1.0000            LL
326.4001    2    6.000   1.0000            LW
332.4001    0    1.200   1.0000          NULL 
333.6002    5    6.000   1.0000            LL
339.6002    0   10.800   1.0000          NULL 
350.4003    5    6.000   1.0000            LL
356.4003    0    4.800   1.0000          NULL 
361.2003    3    6.000   1.0000             N
367.2003    0   10.800   1.0000          NULL 
378.0004    5    6.000   1.0000            LL
384.0004    3    6.000   1.0000             N
390.0004    4    6.000   1.0000            HL
396.0004    1    6.000   1.0000            HW
402.0004    0    7.200   1.0000          NULL 
409.2005    3    6.000   1.0000             N
415.2005    0    1.200   1.0000          NULL 
416.4005    4    6.000   1.0000            HL
422.4005    0    1.200   1.0000          NULL 
423.6005    1    6.000   1.0000            HW
429.6005    0    2.400   1.0000          NULL 
432.0005    1    6.000   1.0000            HW
438.0005    0    6.000   1.0000          NULL 
444.0006    2    6.000   1.0000            LW
