  0.0000    1    6.000   1.0000            HW
  6.0000    1    6.000   1.0000            HW
 12.0000    0    2.400   1.0000          NULL 
 14.4000    1    6.000   1.0000            HW
 20.4000    3    6.000   1.0000             N
 26.4000    0    1.200   1.0000          NULL 
 27.6000    5    6.000   1.0000            LL
 33.6000    0    2.400   1.0000          NULL 
 36.0000    3    6.000   1.0000             N
 42.0000    4    6.000   1.0000            HL
 48.0000    2    6.000   1.0000            LW
 54.0000    4    6.000   1.0000            HL
 60.0000    4    6.000   1.0000            HL
 66.0000    0    1.200   1.0000          NULL 
 67.2000    2    6.000   1.0000            LW
 73.2000    0    6.000   1.0000          NULL 
 79.2000    5    6.000   1.0000            LL
 85.2000    0    1.200   1.0000          NULL 
 86.4000    1    6.000   1.0000            HW
 92.4000    0    2.400   1.0000          NULL 
 94.8000    3    6.000   1.0000             N
100.8000    0    7.200   1.0000          NULL 
108.0000    3    6.000   1.0000             N
114.0000    0    8.400   1.0000          NULL 
122.3999    1    6.000   1.0000            HW
128.3999    0    1.200   1.0000          NULL 
129.5999    3    6.000   1.0000             N
135.5999    3    6.000   1.0000             N
141.5999    0    2.400   1.0000          NULL 
143.9999    5    6.000   1.0000            LL
149.9999    0    4.800   1.0000          NULL 
154.7999    2    6.000   1.0000            LW
160.7999    3    6.000   1.0000             N
166.7999    0   12.000   1.0000          NULL 
178.7999    2    6.000   1.0000            LW
184.7999    0    2.400   1.0000          NULL 
187.1999    2    6.000   1.0000            LW
193.1999    0    1.200   1.0000          NULL 
194.3999    3    6.000   1.0000             N
200.3999    0    1.200   1.0000          NULL 
201.5999    1    6.000   1.0000            HW
207.5999    2    6.000   1.0000            LW
213.5999    0    9.600   1.0000          NULL 
223.1998    4    6.000   1.0000            HL
229.1998    0    1.200   1.0000          NULL 
230.3998    4    6.000   1.0000            HL
236.3998    1    6.000   1.0000            HW
242.3998    2    6.000   1.0000            LW
248.3998    3    6.000   1.0000             N
254.3998    0    4.800   1.0000          NULL 
259.1999    2    6.000   1.0000            LW
265.1999    0    9.600   1.0000          NULL 
274.8000    1    6.000   1.0000            HW
280.8000    0    3.600   1.0000          NULL 
284.4000    1    6.000   1.0000            HW
290.4000    4    6.000   1.0000            HL
296.4000    0    2.400   1.0000          NULL 
298.8000    5    6.000   1.0000            LL
304.8000    0    3.600   1.0000          NULL 
308.4001    4    6.000   1.0000            HL
314.4001    0    8.400   1.0000          NULL 
322.8001    5    6.000   1.0000            LL
328.8001    3    6.000   1.0000             N
334.8001    0    3.600   1.0000          NULL 
338.4002    4    6.000   1.0000            HL
344.4002    5    6.000   1.0000            LL
350.4002    0    3.600   1.0000          NULL 
354.0002    2    6.000   1.0000            LW
360.0002    0   10.800   1.0000          NULL 
370.8003    5    6.000   1.0000            LL
376.8003    0    1.200   1.0000          NULL 
378.0003    5    6.000   1.0000            LL
384.0003    0    2.400   1.0000          NULL 
386.4004    2    6.000   1.0000            LW
392.4004    5    6.000   1.0000            LL
398.4004    0    3.600   1.0000          NULL 
402.0004    1    6.000   1.0000            HW
408.0004    5    6.000   1.0000            LL
414.0004    0    4.800   1.0000          NULL 
418.8004    4    6.000   1.0000            HL
424.8004    0    8.400   1.0000          NULL 
433.2005    4    6.000   1.0000            HL
439.2005    0   10.799   1.0000          NULL 
