  0.0000    1    6.000   1.0000            HW
  6.0000    4    6.000   1.0000            HL
 12.0000    0    1.200   1.0000          NULL 
 13.2000    2    6.000   1.0000            LW
 19.2000    1    6.000   1.0000            HW
 25.2000    0    4.800   1.0000          NULL 
 30.0000    2    6.000   1.0000            LW
 36.0000    2    6.000   1.0000            LW
 42.0000    0    1.200   1.0000          NULL 
 43.2000    3    6.000   1.0000             N
 49.2000    3    6.000   1.0000             N
 55.2000    0    2.400   1.0000          NULL 
 57.6000    2    6.000   1.0000            LW
 63.6000    0    6.000   1.0000          NULL 
 69.6000    4    6.000   1.0000            HL
 75.6000    0    2.400   1.0000          NULL 
 78.0000    5    6.000   1.0000            LL
 84.0000    0    1.200   1.0000          NULL 
 85.2000    1    6.000   1.0000            HW
 91.2000    3    6.000   1.0000             N
 97.2000    4    6.000   1.0000            HL
103.2000    2    6.000   1.0000            LW
109.2000    0   12.000   1.0000          NULL 
121.2000    4    6.000   1.0000            HL
127.2000    5    6.000   1.0000            LL
133.2000    0    1.200   1.0000          NULL 
134.3999    5    6.000   1.0000            LL
140.3999    0    3.600   1.0000          NULL 
143.9999    5    6.000   1.0000            LL
149.9999    0   10.800   1.0000          NULL 
160.7999    2    6.000   1.0000            LW
166.7999    0    2.400   1.0000          NULL 
169.1999    3    6.000   1.0000             N
175.1999    0    6.000   1.0000          NULL 
181.1999    5    6.000   1.0000            LL
187.1999    0    1.200   1.0000          NULL 
188.3999    3    6.000   1.0000             N
194.3999    2    6.000   1.0000            LW
200.3999    0    1.200   1.0000          NULL 
201.5999    4    6.000   1.0000            HL
207.5999    0    3.600   1.0000          NULL 
211.1999    5    6.000   1.0000            LL
217.1999    0    6.000   1.0000          NULL 
223.1999    3    6.000   1.0000             N
229.1999    5    6.000   1.0000            LL
235.1999    0    7.200   1.0000          NULL 
242.3998    4    6.000   1.0000            HL
248.3998    3    6.000   1.0000             N
254.3998    4    6.000   1.0000            HL
260.3998    0    3.600   1.0000          NULL 
263.9999    3    6.000   1.0000             N
269.9999    0    2.400   1.0000          NULL 
272.3999    4    6.000   1.0000            HL
278.3999    0    2.400   1.0000          NULL 
280.7999    2    6.000   1.0000            LW
286.7999    0    3.600   1.0000          NULL 
290.4000    2    6.000   1.0000            LW
296.4000    0    7.200   1.0000          NULL 
303.6000    4    6.000   1.0000            HL
309.6000    0    1.200   1.0000          NULL 
310.8000    5    6.000   1.0000            LL
316.8000    0    3.600   1.0000          NULL 
320.4001    1    6.000   1.0000            HW
326.4001    0    1.200   1.0000          NULL 
327.6001    1    6.000   1.0000            HW
333.6001    0    3.600   1.0000          NULL 
337.2001    1    6.000   1.0000            HW
343.2001    0    8.400   1.0000          NULL 
351.6002    5    6.000   1.0000            LL
357.6002    1    6.000   1.0000            HW
363.6002    0    9.600   1.0000          NULL 
373.2003    1    6.000   1.0000            HW
379.2003    0    3.600   1.0000          NULL 
382.8004    4    6.000   1.0000            HL
388.8004    0    3.600   1.0000          NULL 
392.4004    1    6.000   1.0000            HW
398.4004    0    1.200   1.0000          NULL 
399.6004    5    6.000   1.0000            LL
405.6004    0    2.400   1.0000          NULL 
408.0004    2    6.000   1.0000            LW
414.0004    0    9.600   1.0000          NULL 
423.6005    3    6.000   1.0000             N
429.6005    1    6.000   1.0000            HW
435.6005    0    1.200   1.0000          NULL 
436.8005    3    6.000   1.0000             N
442.8005    0    7.199   1.0000          NULL 
