  0.0000    4    6.000   1.0000            HL
  6.0000    0    2.400   1.0000          NULL 
  8.4000    1    6.000   1.0000            HW
 14.4000    4    6.000   1.0000            HL
 20.4000    0    6.000   1.0000          NULL 
 26.4000    2    6.000   1.0000            LW
 32.4000    0    2.400   1.0000          NULL 
 34.8000    1    6.000   1.0000            HW
 40.8000    0    2.400   1.0000          NULL 
 43.2000    3    6.000   1.0000             N
 49.2000    2    6.000   1.0000            LW
 55.2000    1    6.000   1.0000            HW
 61.2000    4    6.000   1.0000            HL
 67.2000    2    6.000   1.0000            LW
 73.2000    0    7.200   1.0000          NULL 
 80.4000    3    6.000   1.0000             N
 86.4000    0    6.000   1.0000          NULL 
 92.4000    5    6.000   1.0000            LL
 98.4000    0    6.000   1.0000          NULL 
104.4000    2    6.000   1.0000            LW
110.4000    0    8.400   1.0000          NULL 
118.7999    5    6.000   1.0000            LL
124.7999    2    6.000   1.0000            LW
130.7999    0    6.000   1.0000          NULL 
136.7999    3    6.000   1.0000             N
142.7999    0    1.200   1.0000          NULL 
143.9999    4    6.000   1.0000            HL
149.9999    0    9.600   1.0000          NULL 
159.5999    4    6.000   1.0000            HL
165.5999    3    6.000   1.0000             N
171.5999    1    6.000   1.0000            HW
177.5999    0    2.400   1.0000          NULL 
179.9999    4    6.000   1.0000            HL
185.9999    0    3.600   1.0000          NULL 
189.5999    1    6.000   1.0000            HW
195.5999    0    7.200   1.0000          NULL 
202.7999    1    6.000   1.0000            HW
208.7999    2    6.000   1.0000            LW
214.7999    4    6.000   1.0000            HL
220.7999    0    3.600   1.0000          NULL 
224.3998    5    6.000   1.0000            LL
230.3998    0    4.800   1.0000          NULL 
235.1998    3    6.000   1.0000             N
241.1998    0    2.400   1.0000          NULL 
243.5998    1    6.000   1.0000            HW
249.5998    1    6.000   1.0000            HW
255.5998    0    7.200   1.0000          NULL 
262.7999    4    6.000   1.0000            HL
268.7999    0    8.400   1.0000          NULL 
277.2000    2    6.000   1.0000            LW
283.2000    2    6.000   1.0000            LW
289.2000    0    1.200   1.0000          NULL 
290.4000    3    6.000   1.0000             N
296.4000    0   10.800   1.0000          NULL 
307.2001    4    6.000   1.0000            HL
313.2001    0    6.000   1.0000          NULL 
319.2002    5    6.000   1.0000            LL
325.2002    5    6.000   1.0000            LL
331.2002    4    6.000   1.0000            HL
337.2002    1    6.000   1.0000            HW
343.2002    0    6.000   1.0000          NULL 
349.2002    5    6.000   1.0000            LL
355.2002    3    6.000   1.0000             N
361.2002    0    4.800   1.0000          NULL 
366.0003    2    6.000   1.0000            LW
372.0003    0    2.400   1.0000          NULL 
374.4003    5    6.000   1.0000            LL
380.4003    1    6.000   1.0000            HW
386.4003    0    2.400   1.0000          NULL 
388.8003    5    6.000   1.0000            LL
394.8003    0    2.400   1.0000          NULL 
397.2003    3    6.000   1.0000             N
403.2003    0    2.400   1.0000          NULL 
405.6004    3    6.000   1.0000             N
411.6004    3    6.000   1.0000             N
417.6004    0    6.000   1.0000          NULL 
423.6004    2    6.000   1.0000            LW
429.6004    0    2.400   1.0000          NULL 
432.0005    5    6.000   1.0000            LL
438.0005    0    2.400   1.0000          NULL 
440.4005    5    6.000   1.0000            LL
446.4005    0    3.600   1.0000          NULL 
