  0.0000    3    6.000   1.0000             N
  6.0000    2    6.000   1.0000            LW
 12.0000    2    6.000   1.0000            LW
 18.0000    4    6.000   1.0000            HL
 24.0000    0    6.000   1.0000          NULL 
 30.0000    2    6.000   1.0000            LW
 36.0000    0    3.600   1.0000          NULL 
 39.6000    2    6.000   1.0000            LW
 45.6000    0    2.400   1.0000          NULL 
 48.0000    2    6.000   1.0000            LW
 54.0000    0    7.200   1.0000          NULL 
 61.2000    3    6.000   1.0000             N
 67.2000    0    3.600   1.0000          NULL 
 70.8000    2    6.000   1.0000            LW
 76.8000    5    6.000   1.0000            LL
 82.8000    0    2.400   1.0000          NULL 
 85.2000    1    6.000   1.0000            HW
 91.2000    2    6.000   1.0000            LW
 97.2000    0    1.200   1.0000          NULL 
 98.4000    4    6.000   1.0000            HL
104.4000    0    1.200   1.0000          NULL 
105.6000    2    6.000   1.0000            LW
111.6000    1    6.000   1.0000            HW
117.6000    4    6.000   1.0000            HL
123.6000    0    2.400   1.0000          NULL 
126.0000    5    6.000   1.0000            LL
132.0000    0    6.000   1.0000          NULL 
138.0000    2    6.000   1.0000            LW
144.0000    3    6.000   1.0000             N
150.0000    0   14.400   1.0000          NULL 
164.3999    5    6.000   1.0000            LL
170.3999    3    6.000   1.0000             N
176.3999    5    6.000   1.0000            LL
182.3999    0    2.400   1.0000          NULL 
184.7999    5    6.000   1.0000            LL
190.7999    1    6.000   1.0000            HW
196.7999    1    6.000   1.0000            HW
202.7999    0    4.800   1.0000          NULL 
207.5999    4    6.000   1.0000            HL
213.5999    3    6.000   1.0000             N
219.5999    0    2.400   1.0000          NULL 
221.9999    1    6.000   1.0000            HW
227.9999    0    7.200   1.0000          NULL 
235.1999    1    6.000   1.0000            HW
241.1999    0    7.200   1.0000          NULL 
248.3999    2    6.000   1.0000            LW
254.3999    0    2.400   1.0000          NULL 
256.7999    4    6.000   1.0000            HL
262.7999    0    1.200   1.0000          NULL 
263.9999    4    6.000   1.0000            HL
269.9999    0    1.200   1.0000          NULL 
271.1999    1    6.000   1.0000            HW
277.1999    0    2.400   1.0000          NULL 
279.5999    5    6.000   1.0000            LL
285.5999    0    7.200   1.0000          NULL 
292.8000    1    6.000   1.0000            HW
298.8000    0    1.200   1.0000          NULL 
300.0000    3    6.000   1.0000             N
306.0000    0    6.000   1.0000          NULL 
312.0001    5    6.000   1.0000            LL
318.0001    0    3.600   1.0000          NULL 
321.6001    5    6.000   1.0000            LL
327.6001    0    6.000   1.0000          NULL 
333.6002    3    6.000   1.0000             N
339.6002    4    6.000   1.0000            HL
345.6002    0   12.000   1.0000          NULL 
357.6003    3    6.000   1.0000             N
363.6003    0    8.400   1.0000          NULL 
372.0004    5    6.000   1.0000            LL
378.0004    0    1.200   1.0000          NULL 
379.2004    3    6.000   1.0000             N
385.2004    0    1.200   1.0000          NULL 
386.4004    1    6.000   1.0000            HW
392.4004    5    6.000   1.0000            LL
398.4004    0    2.400   1.0000          NULL 
400.8004    4    6.000   1.0000            HL
406.8004    0    4.800   1.0000          NULL 
411.6005    1    6.000   1.0000            HW
417.6005    0    1.200   1.0000          NULL 
418.8005    4    6.000   1.0000            HL
424.8005    0    9.600   1.0000          NULL 
434.4006    4    6.000   1.0000            HL
440.4006    0    3.600   1.0000          NULL 
444.0006    3    6.000   1.0000             N
