  0.0000    4    6.000   1.0000            HL
  6.0000    3    6.000   1.0000             N
 12.0000    0    1.200   1.0000          NULL 
 13.2000    3    6.000   1.0000             N
 19.2000    1    6.000   1.0000            HW
 25.2000    0    7.200   1.0000          NULL 
 32.4000    4    6.000   1.0000            HL
 38.4000    5    6.000   1.0000            LL
 44.4000    0    1.200   1.0000          NULL 
 45.6000    2    6.000   1.0000            LW
 51.6000    0    4.800   1.0000          NULL 
 56.4000    4    6.000   1.0000            HL
 62.4000    0   10.800   1.0000          NULL 
 73.2000    4    6.000   1.0000            HL
 79.2000    2    6.000   1.0000            LW
 85.2000    0    8.400   1.0000          NULL 
 93.6000    2    6.000   1.0000            LW
 99.6000    5    6.000   1.0000            LL
105.6000    0    2.400   1.0000          NULL 
108.0000    1    6.000   1.0000            HW
114.0000    4    6.000   1.0000            HL
120.0000    0   12.000   1.0000          NULL 
131.9999    5    6.000   1.0000            LL
137.9999    0    3.600   1.0000          NULL 
141.5999    4    6.000   1.0000            HL
147.5999    5    6.000   1.0000            LL
153.5999    0    7.200   1.0000          NULL 
160.7999    4    6.000   1.0000            HL
166.7999    0   10.800   1.0000          NULL 
177.5999    3    6.000   1.0000             N
183.5999    3    6.000   1.0000             N
189.5999    0    8.400   1.0000          NULL 
197.9999    2    6.000   1.0000            LW
203.9999    0    2.400   1.0000          NULL 
206.3999    3    6.000   1.0000             N
212.3999    0    9.600   1.0000          NULL 
221.9998    2    6.000   1.0000            LW
227.9998    1    6.000   1.0000            HW
233.9998    1    6.000   1.0000            HW
239.9998    0    6.000   1.0000          NULL 
245.9998    5    6.000   1.0000            LL
251.9998    1    6.000   1.0000            HW
257.9998    5    6.000   1.0000            LL
263.9998    0    2.400   1.0000          NULL 
266.3998    2    6.000   1.0000            LW
272.3998    0    3.600   1.0000          NULL 
275.9999    3    6.000   1.0000             N
281.9999    0    3.600   1.0000          NULL 
285.5999    5    6.000   1.0000            LL
291.5999    3    6.000   1.0000             N
297.5999    0    4.800   1.0000          NULL 
302.4000    1    6.000   1.0000            HW
308.4000    5    6.000   1.0000            LL
314.4000    2    6.000   1.0000            LW
320.4000    0    1.200   1.0000          NULL 
321.6000    2    6.000   1.0000            LW
327.6000    4    6.000   1.0000            HL
333.6000    2    6.000   1.0000            LW
339.6000    0    1.200   1.0000          NULL 
340.8000    1    6.000   1.0000            HW
346.8000    0    4.800   1.0000          NULL 
351.6000    3    6.000   1.0000             N
357.6000    0    4.800   1.0000          NULL 
362.4001    5    6.000   1.0000            LL
368.4001    4    6.000   1.0000            HL
374.4001    0    6.000   1.0000          NULL 
380.4001    4    6.000   1.0000            HL
386.4001    0    1.200   1.0000          NULL 
387.6002    3    6.000   1.0000             N
393.6002    0    1.200   1.0000          NULL 
394.8002    2    6.000   1.0000            LW
400.8002    0    3.600   1.0000          NULL 
404.4002    1    6.000   1.0000            HW
410.4002    3    6.000   1.0000             N
416.4002    0    6.000   1.0000          NULL 
422.4003    5    6.000   1.0000            LL
428.4003    0    2.400   1.0000          NULL 
430.8003    1    6.000   1.0000            HW
436.8003    0    2.400   1.0000          NULL 
439.2003    1    6.000   1.0000            HW
445.2003    0    4.800   1.0000          NULL 
