  0.0000    1    6.000   1.0000            HW
  6.0000    0    1.200   1.0000          NULL 
  7.2000    3    6.000   1.0000             N
 13.2000    0    3.600   1.0000          NULL 
 16.8000    2    6.000   1.0000            LW
 22.8000    0    1.200   1.0000          NULL 
 24.0000    4    6.000   1.0000            HL
 30.0000    4    6.000   1.0000            HL
 36.0000    0    2.400   1.0000          NULL 
 38.4000    3    6.000   1.0000             N
 44.4000    0    6.000   1.0000          NULL 
 50.4000    2    6.000   1.0000            LW
 56.4000    0    1.200   1.0000          NULL 
 57.6000    1    6.000   1.0000            HW
 63.6000    0    4.800   1.0000          NULL 
 68.4000    1    6.000   1.0000            HW
 74.4000    0    2.400   1.0000          NULL 
 76.8000    2    6.000   1.0000            LW
 82.8000    0    1.200   1.0000          NULL 
 84.0000    1    6.000   1.0000            HW
 90.0000    0    8.400   1.0000          NULL 
 98.4000    2    6.000   1.0000            LW
104.4000    0    4.800   1.0000          NULL 
109.2000    4    6.000   1.0000            HL
115.2000    0    3.600   1.0000          NULL 
118.7999    2    6.000   1.0000            LW
124.7999    0    9.600   1.0000          NULL 
134.3999    3    6.000   1.0000             N
140.3999    0    1.200   1.0000          NULL 
141.5999    5    6.000   1.0000            LL
147.5999    0    4.800   1.0000          NULL 
152.3999    3    6.000   1.0000             N
158.3999    0    7.200   1.0000          NULL 
165.5999    3    6.000   1.0000             N
171.5999    0    4.800   1.0000          NULL 
176.3999    5    6.000   1.0000            LL
182.3999    3    6.000   1.0000             N
188.3999    0    4.800   1.0000          NULL 
193.1999    3    6.000   1.0000             N
199.1999    0    7.200   1.0000          NULL 
206.3998    2    6.000   1.0000            LW
212.3998    3    6.000   1.0000             N
218.3998    5    6.000   1.0000            LL
224.3998    0    7.200   1.0000          NULL 
231.5998    1    6.000   1.0000            HW
237.5998    0    1.200   1.0000          NULL 
238.7998    5    6.000   1.0000            LL
244.7998    0    7.200   1.0000          NULL 
251.9998    4    6.000   1.0000            HL
257.9998    0    3.600   1.0000          NULL 
261.5999    3    6.000   1.0000             N
267.5999    4    6.000   1.0000            HL
273.5999    1    6.000   1.0000            HW
279.5999    0   10.800   1.0000          NULL 
290.4000    5    6.000   1.0000            LL
296.4000    1    6.000   1.0000            HW
302.4000    0    2.400   1.0000          NULL 
304.8000    2    6.000   1.0000            LW
310.8000    5    6.000   1.0000            LL
316.8000    0    6.000   1.0000          NULL 
322.8000    4    6.000   1.0000            HL
328.8000    0    1.200   1.0000          NULL 
330.0001    2    6.000   1.0000            LW
336.0001    2    6.000   1.0000            LW
342.0001    0    3.600   1.0000          NULL 
345.6001    4    6.000   1.0000            HL
351.6001    2    6.000   1.0000            LW
357.6001    0    3.600   1.0000          NULL 
361.2001    5    6.000   1.0000            LL
367.2001    5    6.000   1.0000            LL
373.2001    0    1.200   1.0000          NULL 
374.4001    3    6.000   1.0000             N
380.4001    4    6.000   1.0000            HL
386.4001    0    4.800   1.0000          NULL 
391.2002    1    6.000   1.0000            HW
397.2002    4    6.000   1.0000            HL
403.2002    0    2.400   1.0000          NULL 
405.6002    5    6.000   1.0000            LL
411.6002    0    1.200   1.0000          NULL 
412.8002    4    6.000   1.0000            HL
418.8002    0    1.200   1.0000          NULL 
420.0002    1    6.000   1.0000            HW
426.0002    0    2.400   1.0000          NULL 
428.4003    1    6.000   1.0000            HW
434.4003    0    6.000   1.0000          NULL 
440.4003    5    6.000   1.0000            LL
446.4003    0    3.600   1.0000          NULL 
