  0.0000    2    6.000   1.0000            LW
  6.0000    0    8.400   1.0000          NULL 
 14.4000    4    6.000   1.0000            HL
 20.4000    0    4.800   1.0000          NULL 
 25.2000    2    6.000   1.0000            LW
 31.2000    4    6.000   1.0000            HL
 37.2000    0    1.200   1.0000          NULL 
 38.4000    3    6.000   1.0000             N
 44.4000    1    6.000   1.0000            HW
 50.4000    0    2.400   1.0000          NULL 
 52.8000    2    6.000   1.0000            LW
 58.8000    0    1.200   1.0000          NULL 
 60.0000    1    6.000   1.0000            HW
 66.0000    0    1.200   1.0000          NULL 
 67.2000    4    6.000   1.0000            HL
 73.2000    0    4.800   1.0000          NULL 
 78.0000    5    6.000   1.0000            LL
 84.0000    3    6.000   1.0000             N
 90.0000    0    4.800   1.0000          NULL 
 94.8000    1    6.000   1.0000            HW
100.8000    0    3.600   1.0000          NULL 
104.4000    3    6.000   1.0000             N
110.4000    0    3.600   1.0000          NULL 
114.0000    3    6.000   1.0000             N
120.0000    4    6.000   1.0000            HL
126.0000    0    1.200   1.0000          NULL 
127.2000    2    6.000   1.0000            LW
133.2000    0    6.000   1.0000          NULL 
139.1999    2    6.000   1.0000            LW
145.1999    0    1.200   1.0000          NULL 
146.3999    4    6.000   1.0000            HL
152.3999    3    6.000   1.0000             N
158.3999    0    3.600   1.0000          NULL 
161.9999    1    6.000   1.0000            HW
167.9999    3    6.000   1.0000             N
173.9999    0    2.400   1.0000          NULL 
176.3999    2    6.000   1.0000            LW
182.3999    1    6.000   1.0000            HW
188.3999    0    9.600   1.0000          NULL 
197.9999    4    6.000   1.0000            HL
203.9999    1    6.000   1.0000            HW
209.9999    0   10.800   1.0000          NULL 
220.7999    2    6.000   1.0000            LW
226.7999    0    2.400   1.0000          NULL 
229.1999    3    6.000   1.0000             N
235.1999    3    6.000   1.0000             N
241.1999    0    4.800   1.0000          NULL 
245.9998    5    6.000   1.0000            LL
251.9998    0    1.200   1.0000          NULL 
253.1998    5    6.000   1.0000            LL
259.1998    1    6.000   1.0000            HW
265.1998    0    1.200   1.0000          NULL 
266.3998    1    6.000   1.0000            HW
272.3998    0    1.200   1.0000          NULL 
273.5999    5    6.000   1.0000            LL
279.5999    0    4.800   1.0000          NULL 
284.3999    1    6.000   1.0000            HW
290.3999    0    2.400   1.0000          NULL 
292.7999    4    6.000   1.0000            HL
298.7999    0   10.800   1.0000          NULL 
309.6000    4    6.000   1.0000            HL
315.6000    5    6.000   1.0000            LL
321.6000    0    2.400   1.0000          NULL 
324.0001    2    6.000   1.0000            LW
330.0001    0    2.400   1.0000          NULL 
332.4001    5    6.000   1.0000            LL
338.4001    0    8.400   1.0000          NULL 
346.8002    4    6.000   1.0000            HL
352.8002    0    8.400   1.0000          NULL 
361.2003    3    6.000   1.0000             N
367.2003    0    1.200   1.0000          NULL 
368.4003    2    6.000   1.0000            LW
374.4003    0    7.200   1.0000          NULL 
381.6003    5    6.000   1.0000            LL
387.6003    4    6.000   1.0000            HL
393.6003    0    3.600   1.0000          NULL 
397.2004    1    6.000   1.0000            HW
403.2004    0    3.600   1.0000          NULL 
406.8004    3    6.000   1.0000             N
412.8004    0    1.200   1.0000          NULL 
414.0004    5    6.000   1.0000            LL
420.0004    0    4.800   1.0000          NULL 
424.8005    5    6.000   1.0000            LL
430.8005    2    6.000   1.0000            LW
436.8005    0    1.200   1.0000          NULL 
438.0005    5    6.000   1.0000            LL
444.0005    0    6.000   1.0000          NULL 
