  0.0000    1    6.000   1.0000            HW
  6.0000    1    6.000   1.0000            HW
 12.0000    3    6.000   1.0000             N
 18.0000    4    6.000   1.0000            HL
 24.0000    0    1.200   1.0000          NULL 
 25.2000    2    6.000   1.0000            LW
 31.2000    0    3.600   1.0000          NULL 
 34.8000    1    6.000   1.0000            HW
 40.8000    0    1.200   1.0000          NULL 
 42.0000    4    6.000   1.0000            HL
 48.0000    0    3.600   1.0000          NULL 
 51.6000    5    6.000   1.0000            LL
 57.6000    0    2.400   1.0000          NULL 
 60.0000    1    6.000   1.0000            HW
 66.0000    4    6.000   1.0000            HL
 72.0000    2    6.000   1.0000            LW
 78.0000    3    6.000   1.0000             N
 84.0000    0    9.600   1.0000          NULL 
 93.6000    3    6.000   1.0000             N
 99.6000    1    6.000   1.0000            HW
105.6000    3    6.000   1.0000             N
111.6000    0    1.200   1.0000          NULL 
112.8000    5    6.000   1.0000            LL
118.8000    3    6.000   1.0000             N
124.8000    0    3.600   1.0000          NULL 
128.4000    3    6.000   1.0000             N
134.4000    0    4.800   1.0000          NULL 
139.2000    4    6.000   1.0000            HL
145.2000    0    4.800   1.0000          NULL 
150.0000    4    6.000   1.0000            HL
156.0000    0   10.800   1.0000          NULL 
166.7999    2    6.000   1.0000            LW
172.7999    0    4.800   1.0000          NULL 
177.5999    4    6.000   1.0000            HL
183.5999    0    1.200   1.0000          NULL 
184.7999    1    6.000   1.0000            HW
190.7999    0    7.200   1.0000          NULL 
197.9999    4    6.000   1.0000            HL
203.9999    0    7.200   1.0000          NULL 
211.1999    2    6.000   1.0000            LW
217.1999    0    1.200   1.0000          NULL 
218.3999    5    6.000   1.0000            LL
224.3999    0    6.000   1.0000          NULL 
230.3999    4    6.000   1.0000            HL
236.3999    3    6.000   1.0000             N
242.3999    0    8.400   1.0000          NULL 
250.7998    5    6.000   1.0000            LL
256.7998    0    1.200   1.0000          NULL 
257.9998    1    6.000   1.0000            HW
263.9998    2    6.000   1.0000            LW
269.9998    0    2.400   1.0000          NULL 
272.3999    3    6.000   1.0000             N
278.3999    0    9.600   1.0000          NULL 
288.0000    5    6.000   1.0000            LL
294.0000    0    1.200   1.0000          NULL 
295.2000    5    6.000   1.0000            LL
301.2000    0    6.000   1.0000          NULL 
307.2000    3    6.000   1.0000             N
313.2000    0    2.400   1.0000          NULL 
315.6001    5    6.000   1.0000            LL
321.6001    4    6.000   1.0000            HL
327.6001    0    1.200   1.0000          NULL 
328.8001    1    6.000   1.0000            HW
334.8001    0    2.400   1.0000          NULL 
337.2001    2    6.000   1.0000            LW
343.2001    4    6.000   1.0000            HL
349.2001    0    4.800   1.0000          NULL 
354.0002    5    6.000   1.0000            LL
360.0002    0    4.800   1.0000          NULL 
364.8002    5    6.000   1.0000            LL
370.8002    0    3.600   1.0000          NULL 
374.4002    2    6.000   1.0000            LW
380.4002    0    8.400   1.0000          NULL 
388.8003    5    6.000   1.0000            LL
394.8003    2    6.000   1.0000            LW
400.8003    0    1.200   1.0000          NULL 
402.0003    1    6.000   1.0000            HW
408.0003    0    4.800   1.0000          NULL 
412.8004    2    6.000   1.0000            LW
418.8004    3    6.000   1.0000             N
424.8004    0    2.400   1.0000          NULL 
427.2004    1    6.000   1.0000            HW
433.2004    0    9.600   1.0000          NULL 
442.8005    2    6.000   1.0000            LW
448.8005    0    1.200   1.0000          NULL 
