  0.0000    2    6.000   1.0000            LW
  6.0000    3    6.000   1.0000             N
 12.0000    1    6.000   1.0000            HW
 18.0000    0    6.000   1.0000          NULL 
 24.0000    5    6.000   1.0000            LL
 30.0000    0    3.600   1.0000          NULL 
 33.6000    5    6.000   1.0000            LL
 39.6000    0   12.000   1.0000          NULL 
 51.6000    1    6.000   1.0000            HW
 57.6000    1    6.000   1.0000            HW
 63.6000    0    6.000   1.0000          NULL 
 69.6000    3    6.000   1.0000             N
 75.6000    2    6.000   1.0000            LW
 81.6000    0    7.200   1.0000          NULL 
 88.8000    4    6.000   1.0000            HL
 94.8000    0    6.000   1.0000          NULL 
100.8000    4    6.000   1.0000            HL
106.8000    0    3.600   1.0000          NULL 
110.4000    3    6.000   1.0000             N
116.4000    3    6.000   1.0000             N
122.4000    0    2.400   1.0000          NULL 
124.7999    2    6.000   1.0000            LW
130.8000    0   12.000   1.0000          NULL 
142.7999    3    6.000   1.0000             N
148.7999    4    6.000   1.0000            HL
154.7999    0    4.800   1.0000          NULL 
159.5999    5    6.000   1.0000            LL
165.5999    0    4.800   1.0000          NULL 
170.3999    4    6.000   1.0000            HL
176.3999    0    2.400   1.0000          NULL 
178.7999    3    6.000   1.0000             N
184.7999    0    3.600   1.0000          NULL 
188.3999    1    6.000   1.0000            HW
194.3999    1    6.000   1.0000            HW
200.3999    0    1.200   1.0000          NULL 
201.5999    3    6.000   1.0000             N
207.5999    0    1.200   1.0000          NULL 
208.7999    5    6.000   1.0000            LL
214.7999    2    6.000   1.0000            LW
220.7999    0    1.200   1.0000          NULL 
221.9999    2    6.000   1.0000            LW
227.9999    0    7.200   1.0000          NULL 
235.1999    5    6.000   1.0000            LL
241.1999    0    4.800   1.0000          NULL 
245.9998    1    6.000   1.0000            HW
251.9998    0    3.600   1.0000          NULL 
255.5998    4    6.000   1.0000            HL
261.5999    0   12.000   1.0000          NULL 
273.6000    3    6.000   1.0000             N
279.6000    0    3.600   1.0000          NULL 
283.2000    2    6.000   1.0000            LW
289.2000    1    6.000   1.0000            HW
295.2000    2    6.000   1.0000            LW
301.2000    0    1.200   1.0000          NULL 
302.4000    5    6.000   1.0000            LL
308.4000    0    1.200   1.0000          NULL 
309.6000    5    6.000   1.0000            LL
315.6000    5    6.000   1.0000            LL
321.6000    0    2.400   1.0000          NULL 
324.0001    1    6.000   1.0000            HW
330.0001    0    1.200   1.0000          NULL 
331.2001    1    6.000   1.0000            HW
337.2001    0    1.200   1.0000          NULL 
338.4001    2    6.000   1.0000            LW
344.4001    0    6.000   1.0000          NULL 
350.4001    4    6.000   1.0000            HL
356.4001    0    4.800   1.0000          NULL 
361.2002    2    6.000   1.0000            LW
367.2002    0    2.400   1.0000          NULL 
369.6002    4    6.000   1.0000            HL
375.6002    5    6.000   1.0000            LL
381.6002    0    3.600   1.0000          NULL 
385.2003    2    6.000   1.0000            LW
391.2003    5    6.000   1.0000            LL
397.2003    4    6.000   1.0000            HL
403.2003    3    6.000   1.0000             N
409.2003    0    2.400   1.0000          NULL 
411.6003    3    6.000   1.0000             N
417.6003    0    4.800   1.0000          NULL 
422.4003    4    6.000   1.0000            HL
428.4003    0    1.200   1.0000          NULL 
429.6003    1    6.000   1.0000            HW
435.6003    0    6.000   1.0000          NULL 
441.6004    4    6.000   1.0000            HL
447.6004    0    2.400   1.0000          NULL 
