  0.0000    4    6.000   1.0000            HL
  6.0000    5    6.000   1.0000            LL
 12.0000    0    4.800   1.0000          NULL 
 16.8000    2    6.000   1.0000            LW
 22.8000    0    3.600   1.0000          NULL 
 26.4000    2    6.000   1.0000            LW
 32.4000    0    2.400   1.0000          NULL 
 34.8000    1    6.000   1.0000            HW
 40.8000    0   10.800   1.0000          NULL 
 51.6000    1    6.000   1.0000            HW
 57.6000    0    1.200   1.0000          NULL 
 58.8000    1    6.000   1.0000            HW
 64.8000    0    1.200   1.0000          NULL 
 66.0000    2    6.000   1.0000            LW
 72.0000    5    6.000   1.0000            LL
 78.0000    0    4.800   1.0000          NULL 
 82.8000    4    6.000   1.0000            HL
 88.8000    0    3.600   1.0000          NULL 
 92.4000    3    6.000   1.0000             N
 98.4000    0    4.800   1.0000          NULL 
103.2000    4    6.000   1.0000            HL
109.2000    4    6.000   1.0000            HL
115.2000    0    6.000   1.0000          NULL 
121.2000    1    6.000   1.0000            HW
127.2000    1    6.000   1.0000            HW
133.2000    0    6.000   1.0000          NULL 
139.1999    3    6.000   1.0000             N
145.1999    2    6.000   1.0000            LW
151.1999    0    1.200   1.0000          NULL 
152.3999    4    6.000   1.0000            HL
158.3999    2    6.000   1.0000            LW
164.3999    0    3.600   1.0000          NULL 
167.9999    5    6.000   1.0000            LL
173.9999    0    1.200   1.0000          NULL 
175.1999    2    6.000   1.0000            LW
181.1999    0    4.800   1.0000          NULL 
185.9999    5    6.000   1.0000            LL
191.9999    0    3.600   1.0000          NULL 
195.5999    1    6.000   1.0000            HW
201.5999    0    3.600   1.0000          NULL 
205.1999    3    6.000   1.0000             N
211.1999    0    1.200   1.0000          NULL 
212.3999    5    6.000   1.0000            LL
218.3999    0    2.400   1.0000          NULL 
220.7999    1    6.000   1.0000            HW
226.7999    0    2.400   1.0000          NULL 
229.1999    4    6.000   1.0000            HL
235.1999    0    2.400   1.0000          NULL 
237.5999    4    6.000   1.0000            HL
243.5999    0    8.400   1.0000          NULL 
251.9998    5    6.000   1.0000            LL
257.9998    0    1.200   1.0000          NULL 
259.1999    3    6.000   1.0000             N
265.1999    1    6.000   1.0000            HW
271.1999    0    1.200   1.0000          NULL 
272.3999    1    6.000   1.0000            HW
278.3999    2    6.000   1.0000            LW
284.3999    5    6.000   1.0000            LL
290.3999    0    3.600   1.0000          NULL 
293.9999    3    6.000   1.0000             N
299.9999    0    2.400   1.0000          NULL 
302.3999    3    6.000   1.0000             N
308.3999    0    7.200   1.0000          NULL 
315.6000    3    6.000   1.0000             N
321.6000    0    1.200   1.0000          NULL 
322.8000    2    6.000   1.0000            LW
328.8000    0    1.200   1.0000          NULL 
330.0000    2    6.000   1.0000            LW
336.0000    1    6.000   1.0000            HW
342.0000    5    6.000   1.0000            LL
348.0000    0    4.800   1.0000          NULL 
352.8001    5    6.000   1.0000            LL
358.8001    3    6.000   1.0000             N
364.8001    0    4.800   1.0000          NULL 
369.6001    2    6.000   1.0000            LW
375.6001    0    9.600   1.0000          NULL 
385.2002    4    6.000   1.0000            HL
391.2002    0    1.200   1.0000          NULL 
392.4002    3    6.000   1.0000             N
398.4002    0    9.600   1.0000          NULL 
408.0003    3    6.000   1.0000             N
414.0003    0    3.600   1.0000          NULL 
417.6004    4    6.000   1.0000            HL
423.6004    0    1.200   1.0000          NULL 
424.8004    5    6.000   1.0000            LL
430.8004    0    2.400   1.0000          NULL 
433.2004    4    6.000   1.0000            HL
439.2004    0   10.800   1.0000          NULL 
