  0.0000    4    6.000   1.0000            HL
  6.0000    4    6.000   1.0000            HL
 12.0000    0    1.200   1.0000          NULL 
 13.2000    4    6.000   1.0000            HL
 19.2000    0    3.600   1.0000          NULL 
 22.8000    3    6.000   1.0000             N
 28.8000    0    2.400   1.0000          NULL 
 31.2000    3    6.000   1.0000             N
 37.2000    0    6.000   1.0000          NULL 
 43.2000    4    6.000   1.0000            HL
 49.2000    0    9.600   1.0000          NULL 
 58.8000    1    6.000   1.0000            HW
 64.8000    2    6.000   1.0000            LW
 70.8000    0    3.600   1.0000          NULL 
 74.4000    5    6.000   1.0000            LL
 80.4000    0    1.200   1.0000          NULL 
 81.6000    3    6.000   1.0000             N
 87.6000    0    2.400   1.0000          NULL 
 90.0000    4    6.000   1.0000            HL
 96.0000    0    3.600   1.0000          NULL 
 99.6000    3    6.000   1.0000             N
105.6000    3    6.000   1.0000             N
111.6000    0    1.200   1.0000          NULL 
112.8000    1    6.000   1.0000            HW
118.8000    0    3.600   1.0000          NULL 
122.4000    1    6.000   1.0000            HW
128.4000    0    1.200   1.0000          NULL 
129.6000    2    6.000   1.0000            LW
135.6000    0    1.200   1.0000          NULL 
136.8000    1    6.000   1.0000            HW
142.8000    0    1.200   1.0000          NULL 
144.0000    1    6.000   1.0000            HW
150.0000    0    3.600   1.0000          NULL 
153.6000    5    6.000   1.0000            LL
159.6000    0    2.400   1.0000          NULL 
162.0000    2    6.000   1.0000            LW
168.0000    0   13.200   1.0000          NULL 
181.1999    5    6.000   1.0000            LL
187.1999    5    6.000   1.0000            LL
193.1999    0    2.400   1.0000          NULL 
195.5999    3    6.000   1.0000             N
201.5999    0    7.200   1.0000          NULL 
208.7999    2    6.000   1.0000            LW
214.7999    0    3.600   1.0000          NULL 
218.3999    2    6.000   1.0000            LW
224.3999    4    6.000   1.0000            HL
230.3999    5    6.000   1.0000            LL
236.3999    0    6.000   1.0000          NULL 
242.3999    1    6.000   1.0000            HW
248.3999    0    2.400   1.0000          NULL 
250.7999    4    6.000   1.0000            HL
256.7999    4    6.000   1.0000            HL
262.7999    2    6.000   1.0000            LW
268.7999    0    6.000   1.0000          NULL 
274.7999    2    6.000   1.0000            LW
280.7999    0    4.800   1.0000          NULL 
285.6000    4    6.000   1.0000            HL
291.6000    0    2.400   1.0000          NULL 
294.0000    2    6.000   1.0000            LW
300.0000    1    6.000   1.0000            HW
306.0000    0    4.800   1.0000          NULL 
310.8000    3    6.000   1.0000             N
316.8000    0    1.200   1.0000          NULL 
318.0001    3    6.000   1.0000             N
324.0001    0    2.400   1.0000          NULL 
326.4001    2    6.000   1.0000            LW
332.4001    5    6.000   1.0000            LL
338.4001    0   12.000   1.0000          NULL 
350.4002    3    6.000   1.0000             N
356.4002    0    2.400   1.0000          NULL 
358.8002    5    6.000   1.0000            LL
364.8002    0    4.800   1.0000          NULL 
369.6003    5    6.000   1.0000            LL
375.6003    0    4.800   1.0000          NULL 
380.4003    4    6.000   1.0000            HL
386.4003    0    1.200   1.0000          NULL 
387.6003    2    6.000   1.0000            LW
393.6003    0    1.200   1.0000          NULL 
394.8004    1    6.000   1.0000            HW
400.8004    1    6.000   1.0000            HW
406.8004    0    3.600   1.0000          NULL 
410.4004    3    6.000   1.0000             N
416.4004    0    3.600   1.0000          NULL 
420.0004    5    6.000   1.0000            LL
426.0004    1    6.000   1.0000            HW
432.0004    0   12.000   1.0000          NULL 
444.0005    5    6.000   1.0000            LL
