  0.0000    1    6.000   1.0000            HW
  6.0000    5    6.000   1.0000            LL
 12.0000    3    6.000   1.0000             N
 18.0000    3    6.000   1.0000             N
 24.0000    0    4.800   1.0000          NULL 
 28.8000    4    6.000   1.0000            HL
 34.8000    0    1.200   1.0000          NULL 
 36.0000    1    6.000   1.0000            HW
 42.0000    0    3.600   1.0000          NULL 
 45.6000    1    6.000   1.0000            HW
 51.6000    0    9.600   1.0000          NULL 
 61.2000    2    6.000   1.0000            LW
 67.2000    0    2.400   1.0000          NULL 
 69.6000    2    6.000   1.0000            LW
 75.6000    0    2.400   1.0000          NULL 
 78.0000    4    6.000   1.0000            HL
 84.0000    0    4.800   1.0000          NULL 
 88.8000    3    6.000   1.0000             N
 94.8000    0    2.400   1.0000          NULL 
 97.2000    4    6.000   1.0000            HL
103.2000    1    6.000   1.0000            HW
109.2000    0    1.200   1.0000          NULL 
110.4000    5    6.000   1.0000            LL
116.4000    0    8.400   1.0000          NULL 
124.8000    3    6.000   1.0000             N
130.8000    0    7.200   1.0000          NULL 
137.9999    2    6.000   1.0000            LW
143.9999    0    1.200   1.0000          NULL 
145.1999    5    6.000   1.0000            LL
151.1999    1    6.000   1.0000            HW
157.1999    4    6.000   1.0000            HL
163.1999    5    6.000   1.0000            LL
169.1999    0   14.400   1.0000          NULL 
183.5999    3    6.000   1.0000             N
189.5999    0    9.600   1.0000          NULL 
199.1999    2    6.000   1.0000            LW
205.1999    5    6.000   1.0000            LL
211.1999    0    2.400   1.0000          NULL 
213.5999    2    6.000   1.0000            LW
219.5999    0    2.400   1.0000          NULL 
221.9999    3    6.000   1.0000             N
227.9999    5    6.000   1.0000            LL
233.9999    0    7.200   1.0000          NULL 
241.1998    3    6.000   1.0000             N
247.1998    0    1.200   1.0000          NULL 
248.3998    4    6.000   1.0000            HL
254.3998    0    1.200   1.0000          NULL 
255.5998    5    6.000   1.0000            LL
261.5999    2    6.000   1.0000            LW
267.5999    0    3.600   1.0000          NULL 
271.1999    1    6.000   1.0000            HW
277.1999    0    1.200   1.0000          NULL 
278.3999    3    6.000   1.0000             N
284.3999    4    6.000   1.0000            HL
290.3999    0    8.400   1.0000          NULL 
298.8000    4    6.000   1.0000            HL
304.8000    0    1.200   1.0000          NULL 
306.0000    2    6.000   1.0000            LW
312.0000    0    2.400   1.0000          NULL 
314.4000    5    6.000   1.0000            LL
320.4000    0    6.000   1.0000          NULL 
326.4001    5    6.000   1.0000            LL
332.4001    0    2.400   1.0000          NULL 
334.8001    5    6.000   1.0000            LL
340.8001    4    6.000   1.0000            HL
346.8001    0    8.400   1.0000          NULL 
355.2002    1    6.000   1.0000            HW
361.2002    0    1.200   1.0000          NULL 
362.4002    2    6.000   1.0000            LW
368.4002    0    7.200   1.0000          NULL 
375.6003    1    6.000   1.0000            HW
381.6003    0    3.600   1.0000          NULL 
385.2003    2    6.000   1.0000            LW
391.2003    0    9.600   1.0000          NULL 
400.8004    2    6.000   1.0000            LW
406.8004    4    6.000   1.0000            HL
412.8004    3    6.000   1.0000             N
418.8004    4    6.000   1.0000            HL
424.8004    0    1.200   1.0000          NULL 
426.0004    3    6.000   1.0000             N
432.0004    0    3.600   1.0000          NULL 
435.6005    1    6.000   1.0000            HW
441.6005    0    2.400   1.0000          NULL 
444.0005    1    6.000   1.0000            HW
