  0.0000    4    6.000   1.0000            HL
  6.0000    1    6.000   1.0000            HW
 12.0000    0    3.600   1.0000          NULL 
 15.6000    5    6.000   1.0000            LL
 21.6000    0    1.200   1.0000          NULL 
 22.8000    3    6.000   1.0000             N
 28.8000    0    2.400   1.0000          NULL 
 31.2000    1    6.000   1.0000            HW
 37.2000    0    2.400   1.0000          NULL 
 39.6000    4    6.000   1.0000            HL
 45.6000    3    6.000   1.0000             N
 51.6000    2    6.000   1.0000            LW
 57.6000    0    1.200   1.0000          NULL 
 58.8000    4    6.000   1.0000            HL
 64.8000    0    2.400   1.0000          NULL 
 67.2000    1    6.000   1.0000            HW
 73.2000    0    8.400   1.0000          NULL 
 81.6000    4    6.000   1.0000            HL
 87.6000    0    2.400   1.0000          NULL 
 90.0000    2    6.000   1.0000            LW
 96.0000    0    3.600   1.0000          NULL 
 99.6000    4    6.000   1.0000            HL
105.6000    0    7.200   1.0000          NULL 
112.7999    3    6.000   1.0000             N
118.7999    0    1.200   1.0000          NULL 
119.9999    5    6.000   1.0000            LL
125.9999    0   10.800   1.0000          NULL 
136.7999    2    6.000   1.0000            LW
142.7999    5    6.000   1.0000            LL
148.7999    4    6.000   1.0000            HL
154.7999    0    1.200   1.0000          NULL 
155.9999    5    6.000   1.0000            LL
161.9999    0    1.200   1.0000          NULL 
163.1999    2    6.000   1.0000            LW
169.1999    0    8.400   1.0000          NULL 
177.5999    5    6.000   1.0000            LL
183.5999    0    1.200   1.0000          NULL 
184.7999    2    6.000   1.0000            LW
190.7999    0    1.200   1.0000          NULL 
191.9999    5    6.000   1.0000            LL
197.9999    0    8.400   1.0000          NULL 
206.3999    3    6.000   1.0000             N
212.3999    0    3.600   1.0000          NULL 
215.9998    3    6.000   1.0000             N
221.9998    0   10.800   1.0000          NULL 
232.7998    5    6.000   1.0000            LL
238.7998    0    1.200   1.0000          NULL 
239.9998    3    6.000   1.0000             N
245.9998    0    1.200   1.0000          NULL 
247.1998    2    6.000   1.0000            LW
253.1998    2    6.000   1.0000            LW
259.1998    0    2.400   1.0000          NULL 
261.5999    1    6.000   1.0000            HW
267.5999    0    1.200   1.0000          NULL 
268.7999    5    6.000   1.0000            LL
274.7999    4    6.000   1.0000            HL
280.7999    0   12.000   1.0000          NULL 
292.8000    3    6.000   1.0000             N
298.8000    5    6.000   1.0000            LL
304.8000    0    7.200   1.0000          NULL 
312.0001    3    6.000   1.0000             N
318.0001    1    6.000   1.0000            HW
324.0001    0    3.600   1.0000          NULL 
327.6001    1    6.000   1.0000            HW
333.6001    0    1.200   1.0000          NULL 
334.8001    1    6.000   1.0000            HW
340.8001    0    3.600   1.0000          NULL 
344.4001    2    6.000   1.0000            LW
350.4001    3    6.000   1.0000             N
356.4001    0    8.400   1.0000          NULL 
364.8002    1    6.000   1.0000            HW
370.8002    0    6.000   1.0000          NULL 
376.8003    4    6.000   1.0000            HL
382.8003    0    1.200   1.0000          NULL 
384.0003    1    6.000   1.0000            HW
390.0003    0    2.400   1.0000          NULL 
392.4003    2    6.000   1.0000            LW
398.4003    0    2.400   1.0000          NULL 
400.8004    4    6.000   1.0000            HL
406.8004    0    1.200   1.0000          NULL 
408.0004    2    6.000   1.0000            LW
414.0004    4    6.000   1.0000            HL
420.0004    0    4.800   1.0000          NULL 
424.8004    1    6.000   1.0000            HW
430.8004    3    6.000   1.0000             N
436.8004    0    4.800   1.0000          NULL 
441.6005    5    6.000   1.0000            LL
447.6005    0    2.400   1.0000          NULL 
