  0.0000    2    6.000   1.0000            LW
  6.0000    0    4.800   1.0000          NULL 
 10.8000    1    6.000   1.0000            HW
 16.8000    5    6.000   1.0000            LL
 22.8000    0    3.600   1.0000          NULL 
 26.4000    1    6.000   1.0000            HW
 32.4000    0    2.400   1.0000          NULL 
 34.8000    1    6.000   1.0000            HW
 40.8000    0    8.400   1.0000          NULL 
 49.2000    1    6.000   1.0000            HW
 55.2000    0    2.400   1.0000          NULL 
 57.6000    4    6.000   1.0000            HL
 63.6000    0    2.400   1.0000          NULL 
 66.0000    3    6.000   1.0000             N
 72.0000    5    6.000   1.0000            LL
 78.0000    0    1.200   1.0000          NULL 
 79.2000    4    6.000   1.0000            HL
 85.2000    1    6.000   1.0000            HW
 91.2000    0    1.200   1.0000          NULL 
 92.4000    5    6.000   1.0000            LL
 98.4000    0    8.400   1.0000          NULL 
106.8000    2    6.000   1.0000            LW
112.8000    0    1.200   1.0000          NULL 
114.0000    2    6.000   1.0000            LW
120.0000    0    8.400   1.0000          NULL 
128.4000    3    6.000   1.0000             N
134.4000    5    6.000   1.0000            LL
140.4000    0    2.400   1.0000          NULL 
142.8000    2    6.000   1.0000            LW
148.8000    0    2.400   1.0000          NULL 
151.2000    4    6.000   1.0000            HL
157.2000    0    1.200   1.0000          NULL 
158.3999    1    6.000   1.0000            HW
164.3999    3    6.000   1.0000             N
170.3999    4    6.000   1.0000            HL
176.3999    0   10.800   1.0000          NULL 
187.1999    2    6.000   1.0000            LW
193.1999    0    7.200   1.0000          NULL 
200.3999    4    6.000   1.0000            HL
206.3999    0    6.000   1.0000          NULL 
212.3999    3    6.000   1.0000             N
218.3999    3    6.000   1.0000             N
224.3999    0    2.400   1.0000          NULL 
226.7999    5    6.000   1.0000            LL
232.7999    0    2.400   1.0000          NULL 
235.1999    3    6.000   1.0000             N
241.1999    0    1.200   1.0000          NULL 
242.3999    3    6.000   1.0000             N
248.3999    0   12.000   1.0000          NULL 
260.3999    2    6.000   1.0000            LW
266.3999    0    1.200   1.0000          NULL 
267.5999    1    6.000   1.0000            HW
273.5999    0    3.600   1.0000          NULL 
277.2000    4    6.000   1.0000            HL
283.2000    0    3.600   1.0000          NULL 
286.8000    3    6.000   1.0000             N
292.8000    0    2.400   1.0000          NULL 
295.2000    1    6.000   1.0000            HW
301.2000    0    2.400   1.0000          NULL 
303.6000    2    6.000   1.0000            LW
309.6000    0    3.600   1.0000          NULL 
313.2001    5    6.000   1.0000            LL
319.2001    4    6.000   1.0000            HL
325.2001    0    2.400   1.0000          NULL 
327.6001    5    6.000   1.0000            LL
333.6001    0    3.600   1.0000          NULL 
337.2001    5    6.000   1.0000            LL
343.2001    0   10.800   1.0000          NULL 
354.0002    1    6.000   1.0000            HW
360.0002    0   12.000   1.0000          NULL 
372.0004    4    6.000   1.0000            HL
378.0004    3    6.000   1.0000             N
384.0004    0    4.800   1.0000          NULL 
388.8004    5    6.000   1.0000            LL
394.8004    4    6.000   1.0000            HL
400.8004    2    6.000   1.0000            LW
406.8004    3    6.000   1.0000             N
412.8004    0    1.200   1.0000          NULL 
414.0004    2    6.000   1.0000            LW
420.0004    0    1.200   1.0000          NULL 
421.2004    5    6.000   1.0000            LL
427.2004    1    6.000   1.0000            HW
433.2004    0    1.200   1.0000          NULL 
434.4005    4    6.000   1.0000            HL
440.4005    0    2.400   1.0000          NULL 
442.8005    2    6.000   1.0000            LW
448.8005    0    1.200   1.0000          NULL 
