  0.0000    5    6.000   1.0000            LL
  6.0000    0    7.200   1.0000          NULL 
 13.2000    1    6.000   1.0000            HW
 19.2000    0    7.200   1.0000          NULL 
 26.4000    2    6.000   1.0000            LW
 32.4000    0    1.200   1.0000          NULL 
 33.6000    2    6.000   1.0000            LW
 39.6000    3    6.000   1.0000             N
 45.6000    0    1.200   1.0000          NULL 
 46.8000    5    6.000   1.0000            LL
 52.8000    5    6.000   1.0000            LL
 58.8000    1    6.000   1.0000            HW
 64.8000    0    1.200   1.0000          NULL 
 66.0000    5    6.000   1.0000            LL
 72.0000    4    6.000   1.0000            HL
 78.0000    0    4.800   1.0000          NULL 
 82.8000    1    6.000   1.0000            HW
 88.8000    3    6.000   1.0000             N
 94.8000    0    2.400   1.0000          NULL 
 97.2000    2    6.000   1.0000            LW
103.2000    0    1.200   1.0000          NULL 
104.4000    3    6.000   1.0000             N
110.4000    0    2.400   1.0000          NULL 
112.8000    2    6.000   1.0000            LW
118.8000    2    6.000   1.0000            LW
124.8000    5    6.000   1.0000            LL
130.8000    0    2.400   1.0000          NULL 
133.2000    2    6.000   1.0000            LW
139.2000    0    3.600   1.0000          NULL 
142.8000    1    6.000   1.0000            HW
148.8000    0    2.400   1.0000          NULL 
151.2000    4    6.000   1.0000            HL
157.2000    0    3.600   1.0000          NULL 
160.7999    5    6.000   1.0000            LL
166.7999    0    1.200   1.0000          NULL 
167.9999    5    6.000   1.0000            LL
173.9999    0    1.200   1.0000          NULL 
175.1999    1    6.000   1.0000            HW
181.1999    0    4.800   1.0000          NULL 
185.9999    5    6.000   1.0000            LL
191.9999    0    1.200   1.0000          NULL 
193.1999    3    6.000   1.0000             N
199.1999    0    1.200   1.0000          NULL 
200.3999    2    6.000   1.0000            LW
206.3999    0    2.400   1.0000          NULL 
208.7999    4    6.000   1.0000            HL
214.7999    0    1.200   1.0000          NULL 
215.9999    5    6.000   1.0000            LL
221.9999    0   10.800   1.0000          NULL 
232.7999    4    6.000   1.0000            HL
238.7999    0    6.000   1.0000          NULL 
244.7999    2    6.000   1.0000            LW
250.7999    0    1.200   1.0000          NULL 
251.9999    4    6.000   1.0000            HL
257.9999    1    6.000   1.0000            HW
263.9999    0    7.200   1.0000          NULL 
271.2000    3    6.000   1.0000             N
277.2000    0    8.400   1.0000          NULL 
285.6000    3    6.000   1.0000             N
291.6000    0    8.400   1.0000          NULL 
300.0001    2    6.000   1.0000            LW
306.0001    0    1.200   1.0000          NULL 
307.2001    3    6.000   1.0000             N
313.2001    0    1.200   1.0000          NULL 
314.4001    1    6.000   1.0000            HW
320.4001    4    6.000   1.0000            HL
326.4001    0    3.600   1.0000          NULL 
330.0002    1    6.000   1.0000            HW
336.0002    4    6.000   1.0000            HL
342.0002    2    6.000   1.0000            LW
348.0002    0    7.200   1.0000          NULL 
355.2003    4    6.000   1.0000            HL
361.2003    0    1.200   1.0000          NULL 
362.4003    1    6.000   1.0000            HW
368.4003    1    6.000   1.0000            HW
374.4003    0    1.200   1.0000          NULL 
375.6003    5    6.000   1.0000            LL
381.6003    0    2.400   1.0000          NULL 
384.0003    4    6.000   1.0000            HL
390.0003    0    9.600   1.0000          NULL 
399.6004    3    6.000   1.0000             N
405.6004    0    2.400   1.0000          NULL 
408.0004    4    6.000   1.0000            HL
414.0004    0    4.800   1.0000          NULL 
418.8005    3    6.000   1.0000             N
424.8005    3    6.000   1.0000             N
430.8005    0   19.200   1.0000          NULL 
