  0.0000    2    6.000   1.0000            LW
  6.0000    0    4.800   1.0000          NULL 
 10.8000    2    6.000   1.0000            LW
 16.8000    0    8.400   1.0000          NULL 
 25.2000    2    6.000   1.0000            LW
 31.2000    0    2.400   1.0000          NULL 
 33.6000    3    6.000   1.0000             N
 39.6000    0    8.400   1.0000          NULL 
 48.0000    5    6.000   1.0000            LL
 54.0000    1    6.000   1.0000            HW
 60.0000    0    1.200   1.0000          NULL 
 61.2000    4    6.000   1.0000            HL
 67.2000    1    6.000   1.0000            HW
 73.2000    0    1.200   1.0000          NULL 
 74.4000    2    6.000   1.0000            LW
 80.4000    0    2.400   1.0000          NULL 
 82.8000    4    6.000   1.0000            HL
 88.8000    0    3.600   1.0000          NULL 
 92.4000    5    6.000   1.0000            LL
 98.4000    0    1.200   1.0000          NULL 
 99.6000    1    6.000   1.0000            HW
105.6000    0    1.200   1.0000          NULL 
106.8000    4    6.000   1.0000            HL
112.8000    4    6.000   1.0000            HL
118.8000    4    6.000   1.0000            HL
124.8000    0    8.400   1.0000          NULL 
133.2000    1    6.000   1.0000            HW
139.2000    0    6.000   1.0000          NULL 
145.2000    4    6.000   1.0000            HL
151.2000    0    4.800   1.0000          NULL 
155.9999    1    6.000   1.0000            HW
161.9999    0    6.000   1.0000          NULL 
167.9999    5    6.000   1.0000            LL
173.9999    0    2.400   1.0000          NULL 
176.3999    5    6.000   1.0000            LL
182.3999    4    6.000   1.0000            HL
188.3999    3    6.000   1.0000             N
194.3999    0    1.200   1.0000          NULL 
195.5999    2    6.000   1.0000            LW
201.5999    1    6.000   1.0000            HW
207.5999    0    2.400   1.0000          NULL 
209.9999    5    6.000   1.0000            LL
215.9999    0    9.600   1.0000          NULL 
225.5999    2    6.000   1.0000            LW
231.5999    0    1.200   1.0000          NULL 
232.7999    2    6.000   1.0000            LW
238.7999    0    7.200   1.0000          NULL 
245.9999    1    6.000   1.0000            HW
251.9999    1    6.000   1.0000            HW
257.9999    0    9.600   1.0000          NULL 
267.6000    3    6.000   1.0000             N
273.6000    2    6.000   1.0000            LW
279.6000    5    6.000   1.0000            LL
285.6000    3    6.000   1.0000             N
291.6000    0   13.200   1.0000          NULL 
304.8001    4    6.000   1.0000            HL
310.8001    0    1.200   1.0000          NULL 
312.0001    4    6.000   1.0000            HL
318.0001    0    2.400   1.0000          NULL 
320.4001    5    6.000   1.0000            LL
326.4001    0    1.200   1.0000          NULL 
327.6002    1    6.000   1.0000            HW
333.6002    2    6.000   1.0000            LW
339.6002    0    1.200   1.0000          NULL 
340.8002    3    6.000   1.0000             N
346.8002    0    3.600   1.0000          NULL 
350.4002    3    6.000   1.0000             N
356.4002    4    6.000   1.0000            HL
362.4002    0    4.800   1.0000          NULL 
367.2003    3    6.000   1.0000             N
373.2003    5    6.000   1.0000            LL
379.2003    2    6.000   1.0000            LW
385.2003    0    9.600   1.0000          NULL 
394.8004    3    6.000   1.0000             N
400.8004    3    6.000   1.0000             N
406.8004    0    6.000   1.0000          NULL 
412.8004    3    6.000   1.0000             N
418.8004    0    3.600   1.0000          NULL 
422.4005    5    6.000   1.0000            LL
428.4005    1    6.000   1.0000            HW
434.4005    5    6.000   1.0000            LL
440.4005    0    9.600   1.0000          NULL 
