  0.0000    4    6.000   1.0000            HL
  6.0000    4    6.000   1.0000            HL
 12.0000    0    1.200   1.0000          NULL 
 13.2000    3    6.000   1.0000             N
 19.2000    0    2.400   1.0000          NULL 
 21.6000    2    6.000   1.0000            LW
 27.6000    3    6.000   1.0000             N
 33.6000    0    1.200   1.0000          NULL 
 34.8000    5    6.000   1.0000            LL
 40.8000    0    4.800   1.0000          NULL 
 45.6000    2    6.000   1.0000            LW
 51.6000    3    6.000   1.0000             N
 57.6000    1    6.000   1.0000            HW
 63.6000    5    6.000   1.0000            LL
 69.6000    0    3.600   1.0000          NULL 
 73.2000    4    6.000   1.0000            HL
 79.2000    0    4.800   1.0000          NULL 
 84.0000    5    6.000   1.0000            LL
 90.0000    0    1.200   1.0000          NULL 
 91.2000    2    6.000   1.0000            LW
 97.2000    0    4.800   1.0000          NULL 
102.0000    2    6.000   1.0000            LW
108.0000    0    2.400   1.0000          NULL 
110.4000    5    6.000   1.0000            LL
116.4000    0    2.400   1.0000          NULL 
118.8000    4    6.000   1.0000            HL
124.8000    0    1.200   1.0000          NULL 
126.0000    5    6.000   1.0000            LL
132.0000    0    3.600   1.0000          NULL 
135.5999    1    6.000   1.0000            HW
141.5999    2    6.000   1.0000            LW
147.5999    0    2.400   1.0000          NULL 
149.9999    1    6.000   1.0000            HW
155.9999    4    6.000   1.0000            HL
161.9999    4    6.000   1.0000            HL
167.9999    0    3.600   1.0000          NULL 
171.5999    2    6.000   1.0000            LW
177.5999    0    3.600   1.0000          NULL 
181.1999    1    6.000   1.0000            HW
187.1999    0    1.200   1.0000          NULL 
188.3999    1    6.000   1.0000            HW
194.3999    0    2.400   1.0000          NULL 
196.7999    3    6.000   1.0000             N
202.7999    0    1.200   1.0000          NULL 
203.9999    1    6.000   1.0000            HW
209.9999    0    7.200   1.0000          NULL 
217.1999    3    6.000   1.0000             N
223.1999    0    7.200   1.0000          NULL 
230.3999    2    6.000   1.0000            LW
236.3999    0    1.200   1.0000          NULL 
237.5999    5    6.000   1.0000            LL
243.5999    0    4.800   1.0000          NULL 
248.3999    1    6.000   1.0000            HW
254.3999    0    3.600   1.0000          NULL 
257.9999    4    6.000   1.0000            HL
263.9999    0    9.600   1.0000          NULL 
273.6000    2    6.000   1.0000            LW
279.6000    0   13.200   1.0000          NULL 
292.8001    2    6.000   1.0000            LW
298.8001    0    7.200   1.0000          NULL 
306.0002    1    6.000   1.0000            HW
312.0002    3    6.000   1.0000             N
318.0002    3    6.000   1.0000             N
324.0002    0    1.200   1.0000          NULL 
325.2002    4    6.000   1.0000            HL
331.2002    0    6.000   1.0000          NULL 
337.2003    3    6.000   1.0000             N
343.2003    0    9.600   1.0000          NULL 
352.8004    5    6.000   1.0000            LL
358.8004    0    1.200   1.0000          NULL 
360.0004    4    6.000   1.0000            HL
366.0004    1    6.000   1.0000            HW
372.0004    0    1.200   1.0000          NULL 
373.2004    3    6.000   1.0000             N
379.2004    0    7.200   1.0000          NULL 
386.4005    4    6.000   1.0000            HL
392.4005    5    6.000   1.0000            LL
398.4005    2    6.000   1.0000            LW
404.4005    1    6.000   1.0000            HW
410.4005    0    4.800   1.0000          NULL 
415.2005    3    6.000   1.0000             N
421.2005    5    6.000   1.0000            LL
427.2005    0    7.200   1.0000          NULL 
434.4006    5    6.000   1.0000            LL
440.4006    0    9.599   1.0000          NULL 
