  0.0000    2    6.000   1.0000            LW
  6.0000    1    6.000   1.0000            HW
 12.0000    0    3.600   1.0000          NULL 
 15.6000    1    6.000   1.0000            HW
 21.6000    0    7.200   1.0000          NULL 
 28.8000    1    6.000   1.0000            HW
 34.8000    0    2.400   1.0000          NULL 
 37.2000    2    6.000   1.0000            LW
 43.2000    0    1.200   1.0000          NULL 
 44.4000    2    6.000   1.0000            LW
 50.4000    2    6.000   1.0000            LW
 56.4000    1    6.000   1.0000            HW
 62.4000    5    6.000   1.0000            LL
 68.4000    1    6.000   1.0000            HW
 74.4000    5    6.000   1.0000            LL
 80.4000    0    2.400   1.0000          NULL 
 82.8000    4    6.000   1.0000            HL
 88.8000    0    2.400   1.0000          NULL 
 91.2000    5    6.000   1.0000            LL
 97.2000    0    1.200   1.0000          NULL 
 98.4000    2    6.000   1.0000            LW
104.4000    0    4.800   1.0000          NULL 
109.2000    3    6.000   1.0000             N
115.2000    5    6.000   1.0000            LL
121.2000    0    6.000   1.0000          NULL 
127.2000    1    6.000   1.0000            HW
133.2000    0    1.200   1.0000          NULL 
134.4000    2    6.000   1.0000            LW
140.4000    0    6.000   1.0000          NULL 
146.3999    3    6.000   1.0000             N
152.3999    0    2.400   1.0000          NULL 
154.7999    5    6.000   1.0000            LL
160.7999    4    6.000   1.0000            HL
166.7999    0    4.800   1.0000          NULL 
171.5999    2    6.000   1.0000            LW
177.5999    0    1.200   1.0000          NULL 
178.7999    4    6.000   1.0000            HL
184.7999    0    1.200   1.0000          NULL 
185.9999    3    6.000   1.0000             N
191.9999    0    3.600   1.0000          NULL 
195.5999    3    6.000   1.0000             N
201.5999    0    7.200   1.0000          NULL 
208.7999    4    6.000   1.0000            HL
214.7999    3    6.000   1.0000             N
220.7999    0   12.000   1.0000          NULL 
232.7999    5    6.000   1.0000            LL
238.7999    4    6.000   1.0000            HL
244.7999    0    2.400   1.0000          NULL 
247.1999    1    6.000   1.0000            HW
253.1999    0    6.000   1.0000          NULL 
259.1999    4    6.000   1.0000            HL
265.1999    0    7.200   1.0000          NULL 
272.4000    5    6.000   1.0000            LL
278.4000    0    2.400   1.0000          NULL 
280.8000    2    6.000   1.0000            LW
286.8000    0   14.400   1.0000          NULL 
301.2001    3    6.000   1.0000             N
307.2001    0    6.000   1.0000          NULL 
313.2002    5    6.000   1.0000            LL
319.2002    0    1.200   1.0000          NULL 
320.4002    3    6.000   1.0000             N
326.4002    2    6.000   1.0000            LW
332.4002    2    6.000   1.0000            LW
338.4002    0    3.600   1.0000          NULL 
342.0002    5    6.000   1.0000            LL
348.0002    0    1.200   1.0000          NULL 
349.2003    4    6.000   1.0000            HL
355.2003    0    1.200   1.0000          NULL 
356.4003    4    6.000   1.0000            HL
362.4003    0    2.400   1.0000          NULL 
364.8003    3    6.000   1.0000             N
370.8003    0    1.200   1.0000          NULL 
372.0003    1    6.000   1.0000            HW
378.0003    4    6.000   1.0000            HL
384.0003    0    4.800   1.0000          NULL 
388.8004    1    6.000   1.0000            HW
394.8004    0    8.400   1.0000          NULL 
403.2004    3    6.000   1.0000             N
409.2004    4    6.000   1.0000            HL
415.2004    0    1.200   1.0000          NULL 
416.4005    5    6.000   1.0000            LL
422.4005    0    2.400   1.0000          NULL 
424.8005    1    6.000   1.0000            HW
430.8005    0    2.400   1.0000          NULL 
433.2005    3    6.000   1.0000             N
439.2005    0   10.800   1.0000          NULL 
