  0.0000    1    6.000   1.0000            HW
  6.0000    0    2.400   1.0000          NULL 
  8.4000    1    6.000   1.0000            HW
 14.4000    0    3.600   1.0000          NULL 
 18.0000    3    6.000   1.0000             N
 24.0000    0    2.400   1.0000          NULL 
 26.4000    1    6.000   1.0000            HW
 32.4000    3    6.000   1.0000             N
 38.4000    0    1.200   1.0000          NULL 
 39.6000    4    6.000   1.0000            HL
 45.6000    2    6.000   1.0000            LW
 51.6000    0    2.400   1.0000          NULL 
 54.0000    3    6.000   1.0000             N
 60.0000    0    7.200   1.0000          NULL 
 67.2000    2    6.000   1.0000            LW
 73.2000    3    6.000   1.0000             N
 79.2000    0    1.200   1.0000          NULL 
 80.4000    5    6.000   1.0000            LL
 86.4000    0    6.000   1.0000          NULL 
 92.4000    2    6.000   1.0000            LW
 98.4000    0    1.200   1.0000          NULL 
 99.6000    3    6.000   1.0000             N
105.6000    0    3.600   1.0000          NULL 
109.2000    3    6.000   1.0000             N
115.2000    1    6.000   1.0000            HW
121.2000    4    6.000   1.0000            HL
127.2000    0    7.200   1.0000          NULL 
134.3999    4    6.000   1.0000            HL
140.3999    1    6.000   1.0000            HW
146.3999    0    1.200   1.0000          NULL 
147.5999    3    6.000   1.0000             N
153.5999    0   14.400   1.0000          NULL 
167.9999    5    6.000   1.0000            LL
173.9999    0    1.200   1.0000          NULL 
175.1999    5    6.000   1.0000            LL
181.1999    2    6.000   1.0000            LW
187.1999    0    3.600   1.0000          NULL 
190.7999    1    6.000   1.0000            HW
196.7999    0    4.800   1.0000          NULL 
201.5999    4    6.000   1.0000            HL
207.5999    5    6.000   1.0000            LL
213.5999    0    7.200   1.0000          NULL 
220.7999    4    6.000   1.0000            HL
226.7999    0    7.200   1.0000          NULL 
233.9998    2    6.000   1.0000            LW
239.9998    5    6.000   1.0000            LL
245.9998    0    2.400   1.0000          NULL 
248.3998    4    6.000   1.0000            HL
254.3998    0    1.200   1.0000          NULL 
255.5998    1    6.000   1.0000            HW
261.5999    0    2.400   1.0000          NULL 
263.9999    5    6.000   1.0000            LL
269.9999    0    4.800   1.0000          NULL 
274.7999    3    6.000   1.0000             N
280.7999    4    6.000   1.0000            HL
286.7999    0    6.000   1.0000          NULL 
292.8000    1    6.000   1.0000            HW
298.8000    0    8.400   1.0000          NULL 
307.2001    2    6.000   1.0000            LW
313.2001    0    6.000   1.0000          NULL 
319.2001    5    6.000   1.0000            LL
325.2001    2    6.000   1.0000            LW
331.2001    0    4.800   1.0000          NULL 
336.0002    5    6.000   1.0000            LL
342.0002    5    6.000   1.0000            LL
348.0002    0    2.400   1.0000          NULL 
350.4002    4    6.000   1.0000            HL
356.4002    0    4.800   1.0000          NULL 
361.2003    2    6.000   1.0000            LW
367.2003    0    2.400   1.0000          NULL 
369.6003    4    6.000   1.0000            HL
375.6003    2    6.000   1.0000            LW
381.6003    2    6.000   1.0000            LW
387.6003    0    3.600   1.0000          NULL 
391.2003    1    6.000   1.0000            HW
397.2003    0    6.000   1.0000          NULL 
403.2004    4    6.000   1.0000            HL
409.2004    0    1.200   1.0000          NULL 
410.4004    5    6.000   1.0000            LL
416.4004    0    3.600   1.0000          NULL 
420.0004    3    6.000   1.0000             N
426.0004    0    7.200   1.0000          NULL 
433.2005    1    6.000   1.0000            HW
439.2005    0    4.800   1.0000          NULL 
444.0005    3    6.000   1.0000             N
