  0.0000    2    6.000   1.0000            LW
  6.0000    1    6.000   1.0000            HW
 12.0000    0    4.800   1.0000          NULL 
 16.8000    3    6.000   1.0000             N
 22.8000    0    1.200   1.0000          NULL 
 24.0000    5    6.000   1.0000            LL
 30.0000    5    6.000   1.0000            LL
 36.0000    1    6.000   1.0000            HW
 42.0000    0    4.800   1.0000          NULL 
 46.8000    2    6.000   1.0000            LW
 52.8000    0    2.400   1.0000          NULL 
 55.2000    4    6.000   1.0000            HL
 61.2000    0   12.000   1.0000          NULL 
 73.2000    5    6.000   1.0000            LL
 79.2000    0    4.800   1.0000          NULL 
 84.0000    5    6.000   1.0000            LL
 90.0000    0    1.200   1.0000          NULL 
 91.2000    1    6.000   1.0000            HW
 97.2000    0    1.200   1.0000          NULL 
 98.4000    4    6.000   1.0000            HL
104.4000    0    2.400   1.0000          NULL 
106.8000    3    6.000   1.0000             N
112.8000    0    1.200   1.0000          NULL 
114.0000    3    6.000   1.0000             N
120.0000    2    6.000   1.0000            LW
126.0000    0    7.200   1.0000          NULL 
133.1999    5    6.000   1.0000            LL
139.1999    0   16.800   1.0000          NULL 
155.9999    3    6.000   1.0000             N
161.9999    5    6.000   1.0000            LL
167.9999    0    1.200   1.0000          NULL 
169.1999    1    6.000   1.0000            HW
175.1999    2    6.000   1.0000            LW
181.1999    0    2.400   1.0000          NULL 
183.5999    3    6.000   1.0000             N
189.5999    0    2.400   1.0000          NULL 
191.9999    2    6.000   1.0000            LW
197.9999    3    6.000   1.0000             N
203.9999    2    6.000   1.0000            LW
209.9999    0    8.400   1.0000          NULL 
218.3999    5    6.000   1.0000            LL
224.3999    0    2.400   1.0000          NULL 
226.7999    4    6.000   1.0000            HL
232.7999    0    1.200   1.0000          NULL 
233.9998    1    6.000   1.0000            HW
239.9998    0    4.800   1.0000          NULL 
244.7998    1    6.000   1.0000            HW
250.7998    0    2.400   1.0000          NULL 
253.1998    2    6.000   1.0000            LW
259.1998    0    2.400   1.0000          NULL 
261.5999    2    6.000   1.0000            LW
267.5999    3    6.000   1.0000             N
273.5999    0    6.000   1.0000          NULL 
279.5999    3    6.000   1.0000             N
285.5999    0    2.400   1.0000          NULL 
287.9999    5    6.000   1.0000            LL
293.9999    0    3.600   1.0000          NULL 
297.6000    2    6.000   1.0000            LW
303.6000    0    1.200   1.0000          NULL 
304.8000    4    6.000   1.0000            HL
310.8000    0    2.400   1.0000          NULL 
313.2000    4    6.000   1.0000            HL
319.2000    2    6.000   1.0000            LW
325.2000    4    6.000   1.0000            HL
331.2000    0    4.800   1.0000          NULL 
336.0001    1    6.000   1.0000            HW
342.0001    0    8.400   1.0000          NULL 
350.4001    4    6.000   1.0000            HL
356.4001    4    6.000   1.0000            HL
362.4001    5    6.000   1.0000            LL
368.4001    3    6.000   1.0000             N
374.4001    0    7.200   1.0000          NULL 
381.6002    4    6.000   1.0000            HL
387.6002    0    4.800   1.0000          NULL 
392.4003    1    6.000   1.0000            HW
398.4003    0    6.000   1.0000          NULL 
404.4003    4    6.000   1.0000            HL
410.4003    3    6.000   1.0000             N
416.4003    0    9.600   1.0000          NULL 
426.0004    1    6.000   1.0000            HW
432.0004    5    6.000   1.0000            LL
438.0004    0    2.400   1.0000          NULL 
440.4005    1    6.000   1.0000            HW
446.4005    0    3.600   1.0000          NULL 
