  0.0000    5    6.000   1.0000            LL
  6.0000    0    2.400   1.0000          NULL 
  8.4000    2    6.000   1.0000            LW
 14.4000    0    1.200   1.0000          NULL 
 15.6000    3    6.000   1.0000             N
 21.6000    0    3.600   1.0000          NULL 
 25.2000    4    6.000   1.0000            HL
 31.2000    3    6.000   1.0000             N
 37.2000    1    6.000   1.0000            HW
 43.2000    0    1.200   1.0000          NULL 
 44.4000    1    6.000   1.0000            HW
 50.4000    0    9.600   1.0000          NULL 
 60.0000    2    6.000   1.0000            LW
 66.0000    2    6.000   1.0000            LW
 72.0000    1    6.000   1.0000            HW
 78.0000    0    8.400   1.0000          NULL 
 86.4000    2    6.000   1.0000            LW
 92.4000    5    6.000   1.0000            LL
 98.4000    0    1.200   1.0000          NULL 
 99.6000    4    6.000   1.0000            HL
105.6000    0    1.200   1.0000          NULL 
106.8000    2    6.000   1.0000            LW
112.8000    0    4.800   1.0000          NULL 
117.6000    4    6.000   1.0000            HL
123.6000    0    3.600   1.0000          NULL 
127.2000    4    6.000   1.0000            HL
133.2000    2    6.000   1.0000            LW
139.2000    0    2.400   1.0000          NULL 
141.5999    4    6.000   1.0000            HL
147.5999    4    6.000   1.0000            HL
153.5999    0    2.400   1.0000          NULL 
155.9999    5    6.000   1.0000            LL
161.9999    0    1.200   1.0000          NULL 
163.1999    4    6.000   1.0000            HL
169.1999    0    3.600   1.0000          NULL 
172.7999    1    6.000   1.0000            HW
178.7999    4    6.000   1.0000            HL
184.7999    0    6.000   1.0000          NULL 
190.7999    3    6.000   1.0000             N
196.7999    3    6.000   1.0000             N
202.7999    0    1.200   1.0000          NULL 
203.9999    4    6.000   1.0000            HL
209.9999    0    1.200   1.0000          NULL 
211.1999    1    6.000   1.0000            HW
217.1999    0    3.600   1.0000          NULL 
220.7999    5    6.000   1.0000            LL
226.7999    0    2.400   1.0000          NULL 
229.1999    3    6.000   1.0000             N
235.1999    3    6.000   1.0000             N
241.1999    5    6.000   1.0000            LL
247.1999    1    6.000   1.0000            HW
253.1999    0   10.800   1.0000          NULL 
264.0000    5    6.000   1.0000            LL
270.0000    1    6.000   1.0000            HW
276.0000    0    3.600   1.0000          NULL 
279.6000    2    6.000   1.0000            LW
285.6000    0   13.200   1.0000          NULL 
298.8001    4    6.000   1.0000            HL
304.8001    0    4.800   1.0000          NULL 
309.6002    1    6.000   1.0000            HW
315.6002    0    7.200   1.0000          NULL 
322.8003    5    6.000   1.0000            LL
328.8003    0   12.000   1.0000          NULL 
340.8004    1    6.000   1.0000            HW
346.8004    2    6.000   1.0000            LW
352.8004    0    2.400   1.0000          NULL 
355.2004    3    6.000   1.0000             N
361.2004    2    6.000   1.0000            LW
367.2004    0    7.200   1.0000          NULL 
374.4005    1    6.000   1.0000            HW
380.4005    5    6.000   1.0000            LL
386.4005    0    8.400   1.0000          NULL 
394.8006    5    6.000   1.0000            LL
400.8006    0    1.200   1.0000          NULL 
402.0006    3    6.000   1.0000             N
408.0006    0    7.200   1.0000          NULL 
415.2007    3    6.000   1.0000             N
421.2007    0    1.200   1.0000          NULL 
422.4007    3    6.000   1.0000             N
428.4007    0    2.400   1.0000          NULL 
430.8007    5    6.000   1.0000            LL
436.8007    0    4.800   1.0000          NULL 
441.6007    2    6.000   1.0000            LW
447.6007    0    2.399   1.0000          NULL 
