  0.0000    4    6.000   1.0000            HL
  6.0000    0    2.400   1.0000          NULL 
  8.4000    1    6.000   1.0000            HW
 14.4000    0    3.600   1.0000          NULL 
 18.0000    1    6.000   1.0000            HW
 24.0000    0    1.200   1.0000          NULL 
 25.2000    3    6.000   1.0000             N
 31.2000    0    2.400   1.0000          NULL 
 33.6000    2    6.000   1.0000            LW
 39.6000    4    6.000   1.0000            HL
 45.6000    3    6.000   1.0000             N
 51.6000    0    1.200   1.0000          NULL 
 52.8000    2    6.000   1.0000            LW
 58.8000    2    6.000   1.0000            LW
 64.8000    0    1.200   1.0000          NULL 
 66.0000    4    6.000   1.0000            HL
 72.0000    2    6.000   1.0000            LW
 78.0000    0    3.600   1.0000          NULL 
 81.6000    5    6.000   1.0000            LL
 87.6000    0    1.200   1.0000          NULL 
 88.8000    5    6.000   1.0000            LL
 94.8000    0    2.400   1.0000          NULL 
 97.2000    2    6.000   1.0000            LW
103.2000    0    3.600   1.0000          NULL 
106.8000    3    6.000   1.0000             N
112.8000    0    4.800   1.0000          NULL 
117.6000    2    6.000   1.0000            LW
123.6000    0    1.200   1.0000          NULL 
124.8000    1    6.000   1.0000            HW
130.8000    0    4.800   1.0000          NULL 
135.5999    2    6.000   1.0000            LW
141.5999    0    7.200   1.0000          NULL 
148.7999    1    6.000   1.0000            HW
154.7999    1    6.000   1.0000            HW
160.7999    0   14.400   1.0000          NULL 
175.1999    4    6.000   1.0000            HL
181.1999    0    9.600   1.0000          NULL 
190.7999    3    6.000   1.0000             N
196.7999    0    1.200   1.0000          NULL 
197.9999    3    6.000   1.0000             N
203.9999    1    6.000   1.0000            HW
209.9999    0    6.000   1.0000          NULL 
215.9998    3    6.000   1.0000             N
221.9998    3    6.000   1.0000             N
227.9998    0    1.200   1.0000          NULL 
229.1998    4    6.000   1.0000            HL
235.1998    0    7.200   1.0000          NULL 
242.3998    2    6.000   1.0000            LW
248.3998    5    6.000   1.0000            LL
254.3998    0    2.400   1.0000          NULL 
256.7998    1    6.000   1.0000            HW
262.7998    0    1.200   1.0000          NULL 
263.9998    5    6.000   1.0000            LL
269.9998    0    4.800   1.0000          NULL 
274.7999    4    6.000   1.0000            HL
280.7999    3    6.000   1.0000             N
286.7999    0    3.600   1.0000          NULL 
290.3999    5    6.000   1.0000            LL
296.3999    0    1.200   1.0000          NULL 
297.5999    1    6.000   1.0000            HW
303.5999    0    2.400   1.0000          NULL 
306.0000    3    6.000   1.0000             N
312.0000    0    7.200   1.0000          NULL 
319.2000    5    6.000   1.0000            LL
325.2000    0    3.600   1.0000          NULL 
328.8001    2    6.000   1.0000            LW
334.8001    0    3.600   1.0000          NULL 
338.4001    5    6.000   1.0000            LL
344.4001    0    8.400   1.0000          NULL 
352.8002    5    6.000   1.0000            LL
358.8002    1    6.000   1.0000            HW
364.8002    0    8.400   1.0000          NULL 
373.2003    4    6.000   1.0000            HL
379.2003    0    2.400   1.0000          NULL 
381.6003    3    6.000   1.0000             N
387.6003    0    4.800   1.0000          NULL 
392.4004    4    6.000   1.0000            HL
398.4004    5    6.000   1.0000            LL
404.4004    0    1.200   1.0000          NULL 
405.6004    4    6.000   1.0000            HL
411.6004    0    1.200   1.0000          NULL 
412.8004    4    6.000   1.0000            HL
418.8004    1    6.000   1.0000            HW
424.8004    2    6.000   1.0000            LW
430.8004    0    1.200   1.0000          NULL 
432.0004    5    6.000   1.0000            LL
438.0004    0   12.000   1.0000          NULL 
