  0.0000    3    6.000   1.0000             N
  6.0000    0    1.200   1.0000          NULL 
  7.2000    3    6.000   1.0000             N
 13.2000    0    2.400   1.0000          NULL 
 15.6000    3    6.000   1.0000             N
 21.6000    0    3.600   1.0000          NULL 
 25.2000    4    6.000   1.0000            HL
 31.2000    0    1.200   1.0000          NULL 
 32.4000    2    6.000   1.0000            LW
 38.4000    0   10.800   1.0000          NULL 
 49.2000    5    6.000   1.0000            LL
 55.2000    0    3.600   1.0000          NULL 
 58.8000    1    6.000   1.0000            HW
 64.8000    0    1.200   1.0000          NULL 
 66.0000    2    6.000   1.0000            LW
 72.0000    0    1.200   1.0000          NULL 
 73.2000    1    6.000   1.0000            HW
 79.2000    2    6.000   1.0000            LW
 85.2000    0    1.200   1.0000          NULL 
 86.4000    3    6.000   1.0000             N
 92.4000    0    1.200   1.0000          NULL 
 93.6000    2    6.000   1.0000            LW
 99.6000    0    1.200   1.0000          NULL 
100.8000    5    6.000   1.0000            LL
106.8000    5    6.000   1.0000            LL
112.8000    0    2.400   1.0000          NULL 
115.2000    4    6.000   1.0000            HL
121.2000    0    4.800   1.0000          NULL 
126.0000    2    6.000   1.0000            LW
132.0000    3    6.000   1.0000             N
138.0000    0    3.600   1.0000          NULL 
141.6000    1    6.000   1.0000            HW
147.6000    0    4.800   1.0000          NULL 
152.3999    1    6.000   1.0000            HW
158.3999    4    6.000   1.0000            HL
164.3999    1    6.000   1.0000            HW
170.3999    0    6.000   1.0000          NULL 
176.3999    4    6.000   1.0000            HL
182.3999    2    6.000   1.0000            LW
188.3999    0   14.400   1.0000          NULL 
202.7999    1    6.000   1.0000            HW
208.7999    0    2.400   1.0000          NULL 
211.1999    2    6.000   1.0000            LW
217.1999    0    2.400   1.0000          NULL 
219.5999    2    6.000   1.0000            LW
225.5999    0    6.000   1.0000          NULL 
231.5999    3    6.000   1.0000             N
237.5999    0    4.800   1.0000          NULL 
242.3999    5    6.000   1.0000            LL
248.3999    1    6.000   1.0000            HW
254.3999    0    1.200   1.0000          NULL 
255.5999    3    6.000   1.0000             N
261.5999    3    6.000   1.0000             N
267.5999    0    7.200   1.0000          NULL 
274.7999    4    6.000   1.0000            HL
280.7999    4    6.000   1.0000            HL
286.7999    0    6.000   1.0000          NULL 
292.8000    5    6.000   1.0000            LL
298.8000    0    1.200   1.0000          NULL 
300.0000    3    6.000   1.0000             N
306.0000    5    6.000   1.0000            LL
312.0000    0   10.800   1.0000          NULL 
322.8001    5    6.000   1.0000            LL
328.8001    0    2.400   1.0000          NULL 
331.2001    1    6.000   1.0000            HW
337.2001    0    1.200   1.0000          NULL 
338.4001    4    6.000   1.0000            HL
344.4001    4    6.000   1.0000            HL
350.4001    0    9.600   1.0000          NULL 
360.0002    3    6.000   1.0000             N
366.0002    0    2.400   1.0000          NULL 
368.4003    5    6.000   1.0000            LL
374.4003    0    3.600   1.0000          NULL 
378.0003    5    6.000   1.0000            LL
384.0003    0    3.600   1.0000          NULL 
387.6003    2    6.000   1.0000            LW
393.6003    0    2.400   1.0000          NULL 
396.0004    4    6.000   1.0000            HL
402.0004    0    1.200   1.0000          NULL 
403.2004    2    6.000   1.0000            LW
409.2004    1    6.000   1.0000            HW
415.2004    0    2.400   1.0000          NULL 
417.6004    4    6.000   1.0000            HL
423.6004    0    3.600   1.0000          NULL 
427.2004    1    6.000   1.0000            HW
433.2004    0    1.200   1.0000          NULL 
434.4005    5    6.000   1.0000            LL
440.4005    0    9.600   1.0000          NULL 
